              precision    recall  f1-score   support

           0       0.97      1.00      0.98       344
           1       0.99      0.99      0.99       309
           2       1.00      0.96      0.98       281
           3       0.97      0.94      0.95       360
           4       0.95      0.97      0.96       396
           5       1.00      1.00      1.00       392
           6       1.00      0.86      0.92        14
           7       0.88      1.00      0.93         7
           8       0.71      0.95      0.82        21
           9       0.61      0.82      0.70        17
          10       0.95      0.68      0.79        28
          11       0.75      0.53      0.62        17

    accuracy                           0.97      2186
   macro avg       0.90      0.89      0.89      2186
weighted avg       0.97      0.97      0.97      2186