              precision    recall  f1-score   support

           0       1.00      1.00      1.00       344
           1       1.00      1.00      1.00       309
           2       1.00      1.00      1.00       281
           3       0.96      0.97      0.97       360
           4       0.98      0.96      0.97       396
           5       1.00      1.00      1.00       392
           6       0.93      0.93      0.93        14
           7       1.00      1.00      1.00         7
           8       0.68      1.00      0.81        21
           9       0.80      0.71      0.75        17
          10       0.95      0.68      0.79        28
          11       0.72      0.76      0.74        17

    accuracy                           0.98      2186
   macro avg       0.92      0.92      0.91      2186
weighted avg       0.98      0.98      0.98      2186