1 1 2 0 100
1 1 2 101 201
1 1 2 202 302
1 1 2 303 403
1 1 2 404 504
1 1 1 505 605
1 1 1 606 706
1 1 1 707 807
1 1 1 808 908
1 1 1 909 1009
1 1 0 1010 1110
1 1 0 1111 1211
1 1 0 1212 1312
1 1 0 1313 1413
1 1 0 1414 1514
2 3 0 31 59
2 3 0 69 91
2 3 0 113 135
2 3 0 149 174
2 3 0 185 207
2 3 0 220 244
2 3 0 257 281
2 3 0 294 317
2 3 0 328 351
2 3 0 363 386
2 3 0 400 422
2 3 0 439 461
2 3 0 476 495
2 3 0 509 532
2 3 0 546 566
2 3 0 580 600
2 3 0 615 635
2 3 0 649 669
2 3 0 685 707
2 3 0 719 739
2 3 0 753 773
2 3 0 788 807
2 3 0 823 842
2 3 0 859 880
2 3 0 894 916
2 3 0 931 952
2 3 0 968 987
2 3 0 1001 1002
2 3 0 1037 1056
2 3 0 1072 1093
2 3 0 1107 1129
2 3 0 1142 1162
2 3 0 1176 1196
2 3 0 1211 1230
2 3 0 1245 1265
2 3 0 1276 1295
2 3 0 1310 1330
2 3 0 1345 1365
2 3 0 1380 1398
2 3 0 1413 1431
2 3 0 1447 1465
2 3 0 1480 1498
2 3 0 1514 1533
2 3 0 1549 1569
2 3 0 1583 1603
2 3 0 1618 1639
2 3 0 1653 1671
2 3 0 1688 1708
2 3 0 1722 1742
2 3 0 1756 1776
2 3 0 1789 1808
2 3 0 1822 1841
2 3 0 1854 1875
2 3 0 1889 1908
2 3 0 1922 1944
2 3 0 1958 1979
2 3 0 1994 2014
2 3 0 2029 2049
2 3 0 2064 2083
2 3 0 2099 2119
3 3 1 56 80
3 3 1 91 111
3 3 1 123 142
3 3 1 155 175
3 3 1 190 214
3 3 1 226 249
3 3 1 264 289
3 3 1 304 331
3 3 1 344 367
3 3 1 383 405
3 3 1 418 441
3 3 1 456 476
3 3 1 490 510
3 3 1 525 546
3 3 1 559 578
3 3 1 591 612
3 3 1 625 644
3 3 1 659 680
3 3 1 699 719
3 3 1 734 753
3 3 1 768 788
3 3 1 801 820
3 3 1 843 853
3 3 1 865 885
3 3 1 901 918
3 3 1 929 949
3 3 1 961 980
3 3 1 993 1013
3 3 1 1027 1043
3 3 1 1054 1072
3 3 1 1083 1099
3 3 1 1111 1128
3 3 1 1139 1157
3 3 1 1172 1188
3 3 1 1200 1221
3 3 1 1235 1253
3 3 1 1265 1285
3 3 1 1299 1314
3 3 1 1324 1342
3 3 1 1352 1370
3 3 1 1381 1403
3 3 1 1412 1430
3 3 1 1438 1457
3 3 1 1467 1484
3 3 1 1494 1512
3 3 1 1524 1543
3 3 1 1555 1572
3 3 1 1584 1602
3 3 1 1616 1633
3 3 1 1644 1661
3 3 1 1673 1696
3 3 1 1706 1724
3 3 1 1736 1752
3 3 1 1764 1782
3 3 1 1793 1810
3 3 1 1822 1840
3 3 1 1851 1870
3 3 1 1883 1902
3 3 1 1913 1931
3 3 1 1942 1962
4 3 2 79 88
4 3 2 93 107
4 3 2 116 129
4 3 2 135 150
4 3 2 158 170
4 3 2 179 193
4 3 2 201 213
4 3 2 220 234
4 3 2 240 253
4 3 2 260 272
4 3 2 280 291
4 3 2 299 311
4 3 2 320 331
4 3 2 339 350
4 3 2 358 369
4 3 2 377 387
4 3 2 398 408
4 3 2 418 428
4 3 2 437 448
4 3 2 456 467
4 3 2 475 487
4 3 2 495 505
4 3 2 516 525
4 3 2 534 545
4 3 2 554 565
4 3 2 571 583
4 3 2 590 601
4 3 2 610 620
4 3 2 629 640
4 3 2 646 656
4 3 2 665 674
4 3 2 682 693
4 3 2 703 711
4 3 2 721 731
4 3 2 739 751
4 3 2 762 769
4 3 2 776 788
4 3 2 796 806
4 3 2 814 825
4 3 2 831 842
4 3 2 851 862
4 3 2 868 879
4 3 2 905 916
4 3 2 923 934
4 3 2 943 954
4 3 2 962 973
4 3 2 982 992
4 3 2 999 1009
4 3 2 1018 1028
4 3 2 1036 1047
4 3 2 1055 1065
4 3 2 1072 1083
4 3 2 1091 1102
4 3 2 1111 1121
4 3 2 1129 1141
4 3 2 1149 1159
4 3 2 1168 1179
4 3 2 1184 1196
4 3 2 1203 1214