1 1 0 265 302
1 1 0 334 368
1 1 0 406 441
1 1 0 474 511
1 1 0 537 573
1 1 0 597 632
1 1 0 658 693
1 1 0 723 761
1 1 0 785 820
1 1 0 847 881
1 1 0 905 938
1 1 0 962 997
1 1 0 1022 1057
1 1 0 1083 1116
1 1 0 1144 1180
1 1 0 1207 1244
1 1 0 1267 1302
1 1 0 1331 1368
1 1 0 1393 1431
1 1 0 1458 1499
1 1 0 1519 1557
1 1 0 1581 1620
1 1 0 1642 1682
1 1 0 1705 1745
1 1 0 1765 1803
1 1 0 1826 1865
1 1 0 1882 1920
1 1 0 1938 1976
1 1 0 1998 2037
1 1 0 2061 2100
1 1 0 2121 2162
1 1 0 2181 2220
1 1 0 2236 2276
1 1 0 2295 2333
1 1 0 2357 2394
1 1 0 2416 2451
1 1 0 2474 2508
1 1 0 2529 2564
1 1 0 2588 2626
1 1 0 2646 2683
1 1 0 2703 2740
1 1 0 2758 2796
1 1 0 2815 2851
1 1 0 2870 2904
1 1 0 2925 2961
1 1 0 2980 3019
1 1 0 3039 3075
1 1 0 3096 3131
1 1 0 3151 3185
1 1 0 3205 3242
1 1 0 3260 3294
1 1 0 3314 3350
1 1 0 3373 3410
1 1 0 3429 3465
1 1 0 3487 3521
1 1 0 3543 3578
1 1 0 3598 3634
1 1 0 3655 3690
1 1 0 3714 3751
1 1 0 3777 3811
1 1 0 3834 3869
1 1 0 3889 3924
1 1 0 3945 3980
1 1 0 3999 4034
1 1 0 4058 4093
1 1 0 4113 4149
1 1 0 4171 4206
1 1 0 4228 4263
1 1 0 4284 4320
1 1 0 4340 4376
1 1 0 4396 4434
1 1 0 4452 4490
1 1 0 4508 4544
1 1 0 4564 4599
1 1 0 4619 4656
1 1 0 4677 4712
1 1 0 4733 4769
1 1 0 4792 4827
1 1 0 4848 4885
1 1 0 4905 4942
2 1 1 100 142 
2 1 1 161 207
2 1 1 223 266
2 1 1 280 320
2 1 1 337 382
2 1 1 399 445
2 1 1 459 502
2 1 1 518 562
2 1 1 576 620
2 1 1 635 678
2 1 1 692 733
2 1 1 752 792
2 1 1 810 853
2 1 1 868 911
2 1 1 927 965
2 1 1 985 1024
2 1 1 1045 1084
2 1 1 1103 1144
2 1 1 1163 1207
2 1 1 1227 1268
2 1 1 1287 1326
2 1 1 1345 1384
2 1 1 1403 1444
2 1 1 1462 1500
2 1 1 1519 1560
2 1 1 1575 1618
2 1 1 1633 1672
2 1 1 1690 1733
2 1 1 1749 1790
2 1 1 1806 1848
2 1 1 1862 1905
2 1 1 1921 1966
2 1 1 1982 2028
2 1 1 2040 2085
2 1 1 2101 2142
2 1 1 2161 2204
2 1 1 2222 2264
2 1 1 2277 2324
2 1 1 2338 2384
2 1 1 2399 2443
2 1 1 2458 2500
2 1 1 2516 2558
2 1 1 2575 2616
2 1 1 2634 2679
2 1 1 2695 2737
2 1 1 2754 2797
2 1 1 2814 2855
2 1 1 2871 2912
2 1 1 2929 2969
2 1 1 2987 3027
2 1 1 3044 3085
2 1 1 3102 3141
2 1 1 3159 3198
2 1 1 3217 3258
2 1 1 3277 3318
2 1 1 3336 3376
2 1 1 3395 3435
2 1 1 3449 3488
2 1 1 3506 3546
2 1 1 3568 3610
2 1 1 3625 3663
2 1 1 3681 3722
2 1 1 3738 3779
2 1 1 3796 3834
2 1 1 3854 3892
2 1 1 3911 3950
2 1 1 3968 4006
2 1 1 4025 4065
2 1 1 4081 4121
2 1 1 4135 4176
2 1 1 4195 4235
2 1 1 4251 4291
2 1 1 4308 4350
2 1 1 4371 4410
2 1 1 4427 4467
2 1 1 4484 4523
2 1 1 4539 4581
2 1 1 4597 4636
2 1 1 4652 4693
2 1 1 4708 4750
3 1 2 127 156
3 1 2 175 198
3 1 2 217 241
3 1 2 259 284
3 1 2 301 327
3 1 2 340 364
3 1 2 378 404
3 1 2 418 442
3 1 2 457 483
3 1 2 497 523
3 1 2 538 565
3 1 2 577 603
3 1 2 616 643
3 1 2 657 685
3 1 2 699 726
3 1 2 739 767
3 1 2 780 808
3 1 2 818 844
3 1 2 857 884
3 1 2 895 927
3 1 2 934 963
3 1 2 974 1002
3 1 2 1012 1041
3 1 2 1053 1080
3 1 2 1094 1123
3 1 2 1136 1136
3 1 2 1177 1205
3 1 2 1216 1243
3 1 2 1255 1282
3 1 2 1294 1322
3 1 2 1334 1358
3 1 2 1374 1402
3 1 2 1412 1440
3 1 2 1450 1478
3 1 2 1488 1513
3 1 2 1528 1555
3 1 2 1569 1596
3 1 2 1608 1638
3 1 2 1648 1677
3 1 2 1687 1715
3 1 2 1727 1755
3 1 2 1767 1793
3 1 2 1806 1835
3 1 2 1846 1874
3 1 2 1887 1915
3 1 2 1925 1954
3 1 2 1964 1994
3 1 2 2004 2032
3 1 2 2047 2075
3 1 2 2086 2115
3 1 2 2125 2154
3 1 2 2164 2194
3 1 2 2202 2230
3 1 2 2241 2266
3 1 2 2280 2305
3 1 2 2318 2343
3 1 2 2358 2385
3 1 2 2396 2427
3 1 2 2436 2463
3 1 2 2476 2503
3 1 2 2516 2541
3 1 2 2555 2581
3 1 2 2594 2622
3 1 2 2634 2662
3 1 2 2675 2702
3 1 2 2715 2744
3 1 2 2755 2782
3 1 2 2793 2819
3 1 2 2833 2860
3 1 2 2875 2901
3 1 2 2914 2939
3 1 2 2956 2982
3 1 2 2999 3026
3 1 2 3042 3071
3 1 2 3082 3109
3 1 2 3122 3148
3 1 2 3162 3186
3 1 2 3199 3226
3 1 2 3239 3264
3 1 2 3279 3305
1 2 0 73 111 
1 2 0 124 164
1 2 0 177 213 
1 2 0 225 260
1 2 0 272 308
1 2 0 317 352
1 2 0 362 396
1 2 0 403 438
1 2 0 442 477 
1 2 0 486 521 
1 2 0 530 566 
1 2 0 575 610 
1 2 0 618 652 
1 2 0 662 697 
1 2 0 707 740 
1 2 0 750 784 
1 2 0 795 831 
1 2 0 841 875 
1 2 0 888 922 
1 2 0 935 970 
1 2 0 983 1018 
1 2 0 1028 1062 
1 2 0 1072 1107 
1 2 0 1117 1150 
1 2 0 1160 1193 
1 2 0 1206 1239 
1 2 0 1251 1285 
1 2 0 1298 1333 
1 2 0 1344 1378 
1 2 0 1389 1425 
1 2 0 1438 1470 
1 2 0 1482 1514 
1 2 0 1525 1558 
1 2 0 1573 1607 
1 2 0 1625 1659 
1 2 0 1673 1708 
1 2 0 1718 1752 
1 2 0 1765 1798
1 2 0 1811 1845 
1 2 0 1858 1892 
1 2 0 1901 1937 
1 2 0 1956 1989 
1 2 0 1996 2031 
1 2 0 2042 2074 
1 2 0 2085 2118 
1 2 0 2129 2162 
1 2 0 2174 2207 
1 2 0 2219 2255 
1 2 0 2265 2300 
1 2 0 2312 2345 
1 2 0 2359 2394 
1 2 0 2413 2446 
1 2 0 2460 2494 
1 2 0 2506 2541 
1 2 0 2557 2593 
1 2 0 2608 2643 
1 2 0 2655 2690 
1 2 0 2702 2738 
1 2 0 2751 2784 
1 2 0 2796 2829 
1 2 0 2846 2879 
1 2 0 2889 2922 
1 2 0 2928 2961 
1 2 0 2967 3001 
1 2 0 3012 3045 
1 2 0 3054 3087 
1 2 0 3099 3132 
1 2 0 3143 3179 
1 2 0 3195 3229 
1 2 0 3241 3276 
1 2 0 3286 3319 
1 2 0 3331 3365 
1 2 0 3380 3415 
1 2 0 3426 3459 
1 2 0 3469 3502 
1 2 0 3511 3545 
1 2 0 3558 3591 
1 2 0 3601 3636 
1 2 0 3646 3678 
1 2 0 3687 3720 
2 2 1 48 87 
2 2 1 94 127
2 2 1 134 166
2 2 1 174 207 
2 2 1 216 248 
2 2 1 257 287 
2 2 1 299 332 
2 2 1 344 376 
2 2 1 389 420 
2 2 1 430 461 
2 2 1 478 510 
2 2 1 519 551 
2 2 1 563 594 
2 2 1 605 636 
2 2 1 645 676 
2 2 1 685 717 
2 2 1 730 761 
2 2 1 772 803 
2 2 1 814 846 
2 2 1 858 890 
2 2 1 900 932 
2 2 1 944 976 
2 2 1 986 1016 
2 2 1 1027 1059 
2 2 1 1075 1106 
2 2 1 1119 1152 
2 2 1 1162 1193 
2 2 1 1204 1236 
2 2 1 1247 1280 
2 2 1 1292 1325 
2 2 1 1337 1368 
2 2 1 1378 1411 
2 2 1 1420 1452 
2 2 1 1465 1499 
2 2 1 1510 1543 
2 2 1 1555 1587 
2 2 1 1600 1634 
2 2 1 1646 1679 
2 2 1 1690 1723 
2 2 1 1735 1769 
2 2 1 1781 1814 
2 2 1 1826 1859 
2 2 1 1871 1904 
2 2 1 1913 1947 
2 2 1 1958 1992 
2 2 1 2007 2039 
2 2 1 2048 2080 
2 2 1 2093 2125 
2 2 1 2134 2165 
2 2 1 2175 2207 
2 2 1 2218 2252 
2 2 1 2263 2296 
2 2 1 2307 2341 
2 2 1 2349 2382 
2 2 1 2392 2426 
2 2 1 2435 2467 
2 2 1 2477 2510 
2 2 1 2520 2552 
2 2 1 2562 2595 
2 2 1 2605 2638 
2 2 1 2651 2683 
2 2 1 2693 2728 
2 2 1 2741 2774 
2 2 1 2789 2824 
2 2 1 2839 2874 
2 2 1 2887 2920 
2 2 1 2932 2966 
2 2 1 2979 3014 
2 2 1 3027 3064 
2 2 1 3080 3117 
2 2 1 3129 3166 
2 2 1 3181 3216 
2 2 1 3227 3264 
2 2 1 3275 3311 
2 2 1 3323 3358 
2 2 1 3370 3405 
2 2 1 3417 3455 
2 2 1 3465 3500 
2 2 1 3514 3548 
2 2 1 3561 3596 
3 2 2 83 108 
3 2 2 115 138 
3 2 2 145 167 
3 2 2 175 197 
3 2 2 205 227 
3 2 2 239 262 
3 2 2 271 295 
3 2 2 303 327 
3 2 2 334 357 
3 2 2 367 391 
3 2 2 401 423 
3 2 2 433 458 
3 2 2 469 492
3 2 2 502 525 
3 2 2 532 554
3 2 2 562 584
3 2 2 594 616
3 2 2 624 646
3 2 2 654 677
3 2 2 685 709
3 2 2 717 741
3 2 2 748 771
3 2 2 779 801 
3 2 2 810 831
3 2 2 839 862
3 2 2 870 892
3 2 2 903 925 
3 2 2 932 954 
3 2 2 959 981 
3 2 2 988 1010 
3 2 2 1017 1040 
3 2 2 1045 1067 
3 2 2 1074 1095 
3 2 2 1102 1125 
3 2 2 1134 1155 
3 2 2 1163 1185 
3 2 2 1193 1215 
3 2 2 1222 1243 
3 2 2 1252 1273 
3 2 2 1281 1303 
3 2 2 1313 1336
3 2 2 1344 1366 
3 2 2 1374 1396 
3 2 2 1404 1425 
3 2 2 1431 1454 
3 2 2 1461 1485 
3 2 2 1491 1513 
3 2 2 1521 1544 
3 2 2 1550 1572 
3 2 2 1579 1601 
3 2 2 1608 1630 
3 2 2 1638 1659 
3 2 2 1663 1685 
3 2 2 1691 1714 
3 2 2 1721 1743 
3 2 2 1749 1770 
3 2 2 1776 1797 
3 2 2 1803 1826 
3 2 2 1831 1852 
3 2 2 1862 1883 
3 2 2 1893 1915 
3 2 2 1926 1948 
3 2 2 1957 1979 
3 2 2 1988 2008 
3 2 2 2017 2039 
3 2 2 2048 2069 
3 2 2 2075 2097 
3 2 2 2104 2126 
3 2 2 2132 2154 
3 2 2 2161 2184 
3 2 2 2190 2212 
3 2 2 2222 2243 
3 2 2 2245 2269 
3 2 2 2276 2297 
3 2 2 2305 2328 
3 2 2 2334 2361 
3 2 2 2368 2391
3 2 2 2400 2424
3 2 2 2435 2457
3 2 2 2466 2489
1 3 0 537 566
1 3 0 603 634
1 3 0 657 683
1 3 0 707 735
1 3 0 759 788
1 3 0 808 838
1 3 0 865 893
1 3 0 909 940
1 3 0 968 995
1 3 0 1018 1047
1 3 0 1068 1096
1 3 0 1134 1163
1 3 0 1190 1217
1 3 0 1242 1270
1 3 0 1296 1327
1 3 0 1360 1390
1 3 0 1424 1450
1 3 0 1473 1504
1 3 0 1527 1558
1 3 0 1585 1616
1 3 0 1638 1670
1 3 0 1702 1733
1 3 0 1758 1787
1 3 0 1807 1835
1 3 0 1856 1883
1 3 0 1904 1935
1 3 0 1964 1995
1 3 0 2014 2050
1 3 0 2072 2102
1 3 0 2129 2158
1 3 0 2186 2218
1 3 0 2244 2275
1 3 0 2297 2333
1 3 0 2358 2390
1 3 0 2412 2440
1 3 0 2463 2492
1 3 0 2520 2540
1 3 0 2570 2600
1 3 0 2619 2650
1 3 0 2677 2701
1 3 0 2725 2757
1 3 0 2813 2847
1 3 0 2871 2904
1 3 0 2930 2960
1 3 0 2987 3014
1 3 0 3040 3069
1 3 0 3091 3116
1 3 0 3254 3180
1 3 0 3206 3237
1 3 0 3257 3283
1 3 0 3311 3339
1 3 0 3362 3396
1 3 0 3413 3442
1 3 0 3466 3493
1 3 0 3519 3543
1 3 0 3566 3589
1 3 0 3613 3639
1 3 0 3672 3700
1 3 0 3719 3746
1 3 0 3763 3788
1 3 0 3811 3835
1 3 0 3857 3883
1 3 0 3898 3922
1 3 0 3947 3972
1 3 0 3995 4020
1 3 0 4040 4068
1 3 0 4088 4115
1 3 0 4165 4196
1 3 0 4227 4253
1 3 0 4274 4299
1 3 0 4324 4345
1 3 0 4377 4403
1 3 0 4427 4456 
1 3 0 4479 4508
1 3 0 4529 4559
2 3 1 173 210
2 3 1 236 270
2 3 1 295 330
2 3 1 421 453
2 3 1 484 510
2 3 1 550 580
2 3 1 618 650
2 3 1 676 710
2 3 1 742 778
2 3 1 806 840
2 3 1 872 909
2 3 1 934 974
2 3 1 1006 1045
2 3 1 1070 1104
2 3 1 1150 1188
2 3 1 1216 1251
2 3 1 1277 1320
2 3 1 1344 1380
2 3 1 1405 1438
2 3 1 1460 1494
2 3 1 1500 1540
2 3 1 1567 1605
2 3 1 1630 1670
2 3 1 1700 1738
2 3 1 1764 1804
2 3 1 1837 1877
2 3 1 1907 1950
2 3 1 1978 2019
2 3 1 2038 2080
2 3 1 2108 2150
2 3 1 2191 2230
2 3 1 2254 2290
2 3 1 2330 2366
2 3 1 2390 2435
2 3 1 2453 2497
2 3 1 2521 2565
2 3 1 2584 2625
2 3 1 2657 2690
2 3 1 2715 2750
2 3 1 2780 2819
2 3 1 2843 2880
2 3 1 2904 2950
2 3 1 2971 3010
2 3 1 3033 3070
2 3 1 3095 3116
2 3 1 3162 3200
2 3 1 3229 3270
2 3 1 3292 3333
2 3 1 3359 3395
2 3 1 3418 3460
2 3 1 3481 3518
2 3 1 3557 3594
2 3 1 3615 2652
2 3 1 3676 3716
2 3 1 3740 3778
2 3 1 3811 3855
2 3 1 3879 3916
2 3 1 3948 3980
2 3 1 4015 4048
2 3 1 4084 4120
2 3 1 4149 4178
2 3 1 4202 4242
2 3 1 4266 4303
2 3 1 4330 4367
2 3 1 4394 4435
2 3 1 4455 4496
2 3 1 4527 4560
2 3 1 4590 4627
2 3 1 4647 4687
2 3 1 4700 4748
3 3 2 585 611
3 3 2 645 661
3 3 2 686 705
3 3 2 738 754
3 3 2 786 800
3 3 2 837 850
3 3 2 890 903
3 3 2 931 946
3 3 2 997 1010
3 3 2 1043 1060
3 3 2 1090 1108
3 3 2 1139 1157
3 3 2 1183 1200
3 3 2 1229 1249
3 3 2 1274 1293
3 3 2 1315 1330
3 3 2 1356 1370
3 3 2 1396 1414
3 3 2 1440 1470
3 3 2 1490 1505
3 3 2 1531 1550
3 3 2 1583 1597
3 3 2 1623 1637
3 3 2 1675 1688
3 3 2 1716 1735
3 3 2 1763 1783
3 3 2 1808 1833
3 3 2 1864 1883
3 3 2 1910 1934
3 3 2 1956 1970
3 3 2 1997 2015
3 3 2 2043 2060
3 3 2 2093 2106
3 3 2 2134 2150
3 3 2 2172 2188
3 3 2 2213 2234
3 3 2 2260 2275
3 3 2 2300 2323
3 3 2 2354 2375
3 3 2 2400 2426
3 3 2 2451 2470
3 3 2 2494 2510
3 3 2 2533 2552
3 3 2 2579 2601
3 3 2 2630 2645
3 3 2 2675 2690
3 3 2 2712 2725
3 3 2 2747 2760
3 3 2 2790 2810
3 3 2 2834 2847
3 3 2 2866 2878
3 3 2 2900 2915
3 3 2 2934 2950
3 3 2 2975 2994
3 3 2 3015 3030
3 3 2 3058 3075
3 3 2 3096 3110
3 3 2 3132 3149
3 3 2 3179 3196
3 3 2 3223 3240
3 3 2 3283 3300
3 3 2 3324 3241
3 3 2 3370 3385
3 3 2 3410 3426
3 3 2 3449 3464
3 3 2 3506 3527
3 3 2 3554 3573
3 3 2 3600 3616
3 3 2 3644 3661
3 3 2 3713 3730
3 3 2 3765 3777
3 3 2 3842 3857
3 3 2 3881 3894
3 3 2 3944 3955
3 3 2 3979 3994
3 3 2 4040 4050
3 3 2 4072 4080
3 3 2 4100 4117
3 3 2 4138 4150
3 3 2 4170 4182
1 6 1 85 128 
1 6 1 171 217
1 6 1 256 305
1 6 1 336 380
1 6 1 400 443
1 6 1 472 524
1 6 1 560 604
1 6 1 631 672
1 6 1 702 752
1 6 1 779 827
1 6 1 855 902
1 6 1 938 984
1 6 1 1016 1062
1 6 1 1097 1140
1 6 1 1193 1236
1 6 1 1271 1316
1 6 1 1356 1403 
1 6 1 1430 1476
1 6 1 1515 1560
1 6 1 1584 1631
1 6 1 1662 1708
1 6 1 1738 1785
1 6 1 1822 1867
1 6 1 1895 1943
1 6 1 1971 2016
1 6 1 2042 2086
1 6 1 2114 2160
1 6 1 2197 2240
1 6 1 2271 2314
1 6 1 2338 2384
1 6 1 2410 2453
1 6 1 2478 2517
1 6 1 2542 2582
1 6 1 2604 2648
1 6 1 2685 2726
1 6 1 2753 2796
1 6 1 2819 2859
1 6 1 2877 2915
1 6 1 2932 2971
1 6 1 2992 3030
1 6 1 3070 3109
1 6 1 3141 3182
1 6 1 3201 3240
1 6 1 3256 3296
1 6 1 3331 3370
1 6 1 3392 3247
1 6 1 3447 3492
1 6 1 3509 3555
1 6 1 3584 3627
1 6 1 3648 3689
1 6 1 3720 3766
1 6 1 3791 3831
1 6 1 3857 3901
1 6 1 3931 3973
1 6 1 4001 4042
1 6 1 4066 4107
1 6 1 4133 4172
1 6 1 4198 4239
1 6 1 4266 4309
1 6 1 4331 4369
1 6 1 4391 4428
1 6 1 4450 4486
1 6 1 4505 4537
1 6 1 4561 4600
1 6 1 4618 4658
1 6 1 4674 4717
1 6 1 4736 4774
1 6 1 4794 4829
1 6 1 4847 4884 
1 6 1 4903 4942
1 6 1 4965 5006
1 6 1 5026 5067
1 6 1 5087 5121
1 6 1 5149 5187
1 6 1 5206 5244
1 6 1 5266 5305
1 6 1 5338 5381
1 6 1 5399 5441
1 6 1 5459 5502
1 6 1 5522 5565
2 6 2 189 216 
2 6 2 272 300
2 6 2 340 365
2 6 2 405 430
2 6 2 466 489
2 6 2 525 548
2 6 2 579 600
2 6 2 635 656
2 6 2 691 716
2 6 2 792 812
2 6 2 848 869
2 6 2 912 934
2 6 2 965 985
2 6 2 1017 1037
2 6 2 1076 1098
2 6 2 1132 1153
2 6 2 1181 1201
2 6 2 1230 1250
2 6 2 1278 1297
2 6 2 1324 1345
2 6 2 1371 1391
2 6 2 1423 1445
2 6 2 1480 1501
2 6 2 1534 1554
2 6 2 1583 1603
2 6 2 1631 1652
2 6 2 1680 1700 
2 6 2 1733 1756
2 6 2 1780 1800
2 6 2 1831 1853
2 6 2 1888 1907
2 6 2 1945 1966
2 6 2 1999 2019
2 6 2 2059 2080
2 6 2 2115 2135
2 6 2 2177 2198
2 6 2 2234 2255
2 6 2 2303 2323
2 6 2 2352 2373
2 6 2 2399 2418
2 6 2 2449 2468
2 6 2 2498 2519
2 6 2 2552 2571
2 6 2 2605 2624
2 6 2 2653 2672
2 6 2 2699 2717
2 6 2 2746 2766
2 6 2 2791 2810
2 6 2 2838 2858
2 6 2 2883 2902
2 6 2 2923 2943
2 6 2 2965 2984
2 6 2 3007 3025
2 6 2 3048 3065
2 6 2 3087 3107
2 6 2 3130 3150
2 6 2 3173 3194
2 6 2 3216 3235
2 6 2 3258 3278
2 6 2 3297 3316
2 6 2 3337 3357
2 6 2 3382 3403
2 6 2 3428 3447
2 6 2 3469 3489
2 6 2 3520 3541
2 6 2 3569 3590
2 6 2 3615 3637
2 6 2 3660 3678
2 6 2 3719 3737
2 6 2 3766 3786
2 6 2 3809 3828
2 6 2 3850 3870
2 6 2 3891 3913
2 6 2 3932 3953
2 6 2 3970 3990
2 6 2 4010 4030
2 6 2 4050 4069
2 6 2 4087 4107
2 6 2 4132 4155