1 6 1 85 128 
1 6 1 171 217
1 6 1 256 305
1 6 1 336 380
1 6 1 400 443
1 6 1 472 524
1 6 1 560 604
1 6 1 631 672
1 6 1 702 752
1 6 1 779 827
1 6 1 855 902
1 6 1 938 984
1 6 1 1016 1062
1 6 1 1097 1140
1 6 1 1193 1236
1 6 1 1271 1316
1 6 1 1356 1403 
1 6 1 1430 1476
1 6 1 1515 1560
1 6 1 1584 1631
1 6 1 1662 1708
1 6 1 1738 1785
1 6 1 1822 1867
1 6 1 1895 1943
1 6 1 1971 2016
1 6 1 2042 2086
1 6 1 2114 2160
1 6 1 2197 2240
1 6 1 2271 2314
1 6 1 2338 2384
1 6 1 2410 2453
1 6 1 2478 2517
1 6 1 2542 2582
1 6 1 2604 2648
1 6 1 2685 2726
1 6 1 2753 2796
1 6 1 2819 2859
1 6 1 2877 2915
1 6 1 2932 2971
1 6 1 2992 3030
1 6 1 3070 3109
1 6 1 3141 3182
1 6 1 3201 3240
1 6 1 3256 3296
1 6 1 3331 3370
1 6 1 3392 3247
1 6 1 3447 3492
1 6 1 3509 3555
1 6 1 3584 3627
1 6 1 3648 3689
1 6 1 3720 3766
1 6 1 3791 3831
1 6 1 3857 3901
1 6 1 3931 3973
1 6 1 4001 4042
1 6 1 4066 4107
1 6 1 4133 4172
1 6 1 4198 4239
1 6 1 4266 4309
1 6 1 4331 4369
1 6 1 4391 4428
1 6 1 4450 4486
1 6 1 4505 4537
1 6 1 4561 4600
1 6 1 4618 4658
1 6 1 4674 4717
1 6 1 4736 4774
1 6 1 4794 4829
1 6 1 4847 4884 
1 6 1 4903 4942
1 6 1 4965 5006
1 6 1 5026 5067
1 6 1 5087 5121
1 6 1 5149 5187
1 6 1 5206 5244
1 6 1 5266 5305
1 6 1 5338 5381
1 6 1 5399 5441
1 6 1 5459 5502
1 6 1 5522 5565
2 6 2 189 216 
2 6 2 272 300
2 6 2 340 365
2 6 2 405 430
2 6 2 466 489
2 6 2 525 548
2 6 2 579 600
2 6 2 635 656
2 6 2 691 716
2 6 2 792 812
2 6 2 848 869
2 6 2 912 934
2 6 2 965 985
2 6 2 1017 1037
2 6 2 1076 1098
2 6 2 1132 1153
2 6 2 1181 1201
2 6 2 1230 1250
2 6 2 1278 1297
2 6 2 1324 1345
2 6 2 1371 1391
2 6 2 1423 1445
2 6 2 1480 1501
2 6 2 1534 1554
2 6 2 1583 1603
2 6 2 1631 1652
2 6 2 1680 1700 
2 6 2 1733 1756
2 6 2 1780 1800
2 6 2 1831 1853
2 6 2 1888 1907
2 6 2 1945 1966
2 6 2 1999 2019
2 6 2 2059 2080
2 6 2 2115 2135
2 6 2 2177 2198
2 6 2 2234 2255
2 6 2 2303 2323
2 6 2 2352 2373
2 6 2 2399 2418
2 6 2 2449 2468
2 6 2 2498 2519
2 6 2 2552 2571
2 6 2 2605 2624
2 6 2 2653 2672
2 6 2 2699 2717
2 6 2 2746 2766
2 6 2 2791 2810
2 6 2 2838 2858
2 6 2 2883 2902
2 6 2 2923 2943
2 6 2 2965 2984
2 6 2 3007 3025
2 6 2 3048 3065
2 6 2 3087 3107
2 6 2 3130 3150
2 6 2 3173 3194
2 6 2 3216 3235
2 6 2 3258 3278
2 6 2 3297 3316
2 6 2 3337 3357
2 6 2 3382 3403
2 6 2 3428 3447
2 6 2 3469 3489
2 6 2 3520 3541
2 6 2 3569 3590
2 6 2 3615 3637
2 6 2 3660 3678
2 6 2 3719 3737
2 6 2 3766 3786
2 6 2 3809 3828
2 6 2 3850 3870
2 6 2 3891 3913
2 6 2 3932 3953
2 6 2 3970 3990
2 6 2 4010 4030
2 6 2 4050 4069
2 6 2 4087 4107
2 6 2 4132 4155