1 3 0 537 566
1 3 0 603 634
1 3 0 657 683
1 3 0 707 735
1 3 0 759 788
1 3 0 808 838
1 3 0 865 893
1 3 0 909 940
1 3 0 968 995
1 3 0 1018 1047
1 3 0 1068 1096
1 3 0 1134 1163
1 3 0 1190 1217
1 3 0 1242 1270
1 3 0 1296 1327
1 3 0 1360 1390
1 3 0 1424 1450
1 3 0 1473 1504
1 3 0 1527 1558
1 3 0 1585 1616
1 3 0 1638 1670
1 3 0 1702 1733
1 3 0 1758 1787
1 3 0 1807 1835
1 3 0 1856 1883
1 3 0 1904 1935
1 3 0 1964 1995
1 3 0 2014 2050
1 3 0 2072 2102
1 3 0 2129 2158
1 3 0 2186 2218
1 3 0 2244 2275
1 3 0 2297 2333
1 3 0 2358 2390
1 3 0 2412 2440
1 3 0 2463 2492
1 3 0 2520 2540
1 3 0 2570 2600
1 3 0 2619 2650
1 3 0 2677 2701
1 3 0 2725 2757
1 3 0 2813 2847
1 3 0 2871 2904
1 3 0 2930 2960
1 3 0 2987 3014
1 3 0 3040 3069
1 3 0 3091 3116
1 3 0 3254 3180
1 3 0 3206 3237
1 3 0 3257 3283
1 3 0 3311 3339
1 3 0 3362 3396
1 3 0 3413 3442
1 3 0 3466 3493
1 3 0 3519 3543
1 3 0 3566 3589
1 3 0 3613 3639
1 3 0 3672 3700
1 3 0 3719 3746
1 3 0 3763 3788
1 3 0 3811 3835
1 3 0 3857 3883
1 3 0 3898 3922
1 3 0 3947 3972
1 3 0 3995 4020
1 3 0 4040 4068
1 3 0 4088 4115
1 3 0 4165 4196
1 3 0 4227 4253
1 3 0 4274 4299
1 3 0 4324 4345
1 3 0 4377 4403
1 3 0 4427 4456 
1 3 0 4479 4508
1 3 0 4529 4559
2 3 1 173 210
2 3 1 236 270
2 3 1 295 330
2 3 1 421 453
2 3 1 484 510
2 3 1 550 580
2 3 1 618 650
2 3 1 676 710
2 3 1 742 778
2 3 1 806 840
2 3 1 872 909
2 3 1 934 974
2 3 1 1006 1045
2 3 1 1070 1104
2 3 1 1150 1188
2 3 1 1216 1251
2 3 1 1277 1320
2 3 1 1344 1380
2 3 1 1405 1438
2 3 1 1460 1494
2 3 1 1500 1540
2 3 1 1567 1605
2 3 1 1630 1670
2 3 1 1700 1738
2 3 1 1764 1804
2 3 1 1837 1877
2 3 1 1907 1950
2 3 1 1978 2019
2 3 1 2038 2080
2 3 1 2108 2150
2 3 1 2191 2230
2 3 1 2254 2290
2 3 1 2330 2366
2 3 1 2390 2435
2 3 1 2453 2497
2 3 1 2521 2565
2 3 1 2584 2625
2 3 1 2657 2690
2 3 1 2715 2750
2 3 1 2780 2819
2 3 1 2843 2880
2 3 1 2904 2950
2 3 1 2971 3010
2 3 1 3033 3070
2 3 1 3095 3116
2 3 1 3162 3200
2 3 1 3229 3270
2 3 1 3292 3333
2 3 1 3359 3395
2 3 1 3418 3460
2 3 1 3481 3518
2 3 1 3557 3594
2 3 1 3615 2652
2 3 1 3676 3716
2 3 1 3740 3778
2 3 1 3811 3855
2 3 1 3879 3916
2 3 1 3948 3980
2 3 1 4015 4048
2 3 1 4084 4120
2 3 1 4149 4178
2 3 1 4202 4242
2 3 1 4266 4303
2 3 1 4330 4367
2 3 1 4394 4435
2 3 1 4455 4496
2 3 1 4527 4560
2 3 1 4590 4627
2 3 1 4647 4687
2 3 1 4700 4748
3 3 2 585 611
3 3 2 645 661
3 3 2 686 705
3 3 2 738 754
3 3 2 786 800
3 3 2 837 850
3 3 2 890 903
3 3 2 931 946
3 3 2 997 1010
3 3 2 1043 1060
3 3 2 1090 1108
3 3 2 1139 1157
3 3 2 1183 1200
3 3 2 1229 1249
3 3 2 1274 1293
3 3 2 1315 1330
3 3 2 1356 1370
3 3 2 1396 1414
3 3 2 1440 1470
3 3 2 1490 1505
3 3 2 1531 1550
3 3 2 1583 1597
3 3 2 16231637
3 3 2 1675 1688
3 3 2 1716 1735
3 3 2 1763 1783
3 3 2 1808 1833
3 3 2 1864 1883
3 3 2 1910 1934
3 3 2 1956 1970
3 3 2 1997 2015
3 3 2 2043 2060
3 3 2 2093 2106
3 3 2 2134 2150
3 3 2 2172 2188
3 3 2 2213 2234
3 3 2 2260 2275
3 3 2 2300 2323
3 3 2 2354 2375
3 3 2 2400 2426
3 3 2 2451 2470
3 3 2 2494 2510
3 3 2 2533 2552
3 3 2 2579 2601
3 3 2 2630 2645
3 3 2 2675 2690
3 3 2 2712 2725
3 3 2 2747 2760
3 3 2 2790 2810
3 3 2 2834 2847
3 3 2 2866 2878
3 3 2 2900 2915
3 3 2 2934 2950
3 3 2 2975 2994
3 3 2 3015 3030
3 3 2 3058 3075
3 3 2 3096 3110
3 3 2 3132 3149
3 3 2 3179 3196
3 3 2 3223 3240
3 3 2 3283 3300
3 3 2 3324 3241
3 3 2 3370 3385
3 3 2 3410 3426
3 3 2 3449 3464
3 3 2 3506 3527
3 3 2 3554 3573
3 3 2 3600 3616
3 3 2 3644 3661
3 3 2 3713 3730
3 3 2 3765 3777
3 3 2 3842 3857
3 3 2 3881 3894
3 3 2 3944 3955
3 3 2 3979 3994
3 3 2 4040 4050
3 3 2 4072 4080
3 3 2 4100 4117
3 3 2 4138 4150
3 3 2 4170 4182