1 2 0 73 111 
1 2 0 124 164
1 2 0 177 213 
1 2 0 225 260
1 2 0 272 308
1 2 0 317 352
1 2 0 362 396
1 2 0 403 438
1 2 0 442 477 
1 2 0 486 521 
1 2 0 530 566 
1 2 0 575 610 
1 2 0 618 652 
1 2 0 662 697 
1 2 0 707 740 
1 2 0 750 784 
1 2 0 795 831 
1 2 0 841 875 
1 2 0 888 922 
1 2 0 935 970 
1 2 0 983 1018 
1 2 0 1028 1062 
1 2 0 1072 1107 
1 2 0 1117 1150 
1 2 0 1160 1193 
1 2 0 1206 1239 
1 2 0 1251 1285 
1 2 0 1298 1333 
1 2 0 1344 1378 
1 2 0 1389 1425 
1 2 0 1438 1470 
1 2 0 1482 1514 
1 2 0 1525 1558 
1 2 0 1573 1607 
1 2 0 1625 1659 
1 2 0 1673 1708 
1 2 0 1718 1752 
1 2 0 1765 1798
1 2 0 1811 1845 
1 2 0 1858 1892 
1 2 0 1901 1937 
1 2 0 1956 1989 
1 2 0 1996 2031 
1 2 0 2042 2074 
1 2 0 2085 2118 
1 2 0 2129 2162 
1 2 0 2174 2207 
1 2 0 2219 2255 
1 2 0 2265 2300 
1 2 0 2312 2345 
1 2 0 2359 2394 
1 2 0 2413 2446 
1 2 0 2460 2494 
1 2 0 2506 2541 
1 2 0 2557 2593 
1 2 0 2608 2643 
1 2 0 2655 2690 
1 2 0 2702 2738 
1 2 0 2751 2784 
1 2 0 2796 2829 
1 2 0 2846 2879 
1 2 0 2889 2922 
1 2 0 2928 2961 
1 2 0 2967 3001 
1 2 0 3012 3045 
1 2 0 3054 3087 
1 2 0 3099 3132 
1 2 0 3143 3179 
1 2 0 3195 3229 
1 2 0 3241 3276 
1 2 0 3286 3319 
1 2 0 3331 3365 
1 2 0 3380 3415 
1 2 0 3426 3459 
1 2 0 3469 3502 
1 2 0 3511 3545 
1 2 0 3558 3591 
1 2 0 3601 3636 
1 2 0 3646 3678 
1 2 0 3687 3720 
2 2 1 48 87 
2 2 1 94 127
2 2 1 134 166
2 2 1 174 207 
2 2 1 216 248 
2 2 1 257 287 
2 2 1 299 332 
2 2 1 344 376 
2 2 1 389 420 
2 2 1 430 461 
2 2 1 478 510 
2 2 1 519 551 
2 2 1 563 594 
2 2 1 605 636 
2 2 1 645 676 
2 2 1 685 717 
2 2 1 730 761 
2 2 1 772 803 
2 2 1 814 846 
2 2 1 858 890 
2 2 1 900 932 
2 2 1 944 976 
2 2 1 986 1016 
2 2 1 1027 1059 
2 2 1 1075 1106 
2 2 1 1119 1152 
2 2 1 1162 1193 
2 2 1 1204 1236 
2 2 1 1247 1280 
2 2 1 1292 1325 
2 2 1 1337 1368 
2 2 1 1378 1411 
2 2 1 1420 1452 
2 2 1 1465 1499 
2 2 1 1510 1543 
2 2 1 1555 1587 
2 2 1 1600 1634 
2 2 1 1646 1679 
2 2 1 1690 1723 
2 2 1 1735 1769 
2 2 1 1781 1814 
2 2 1 1826 1859 
2 2 1 1871 1904 
2 2 1 1913 1947 
2 2 1 1958 1992 
2 2 1 2007 2039 
2 2 1 2048 2080 
2 2 1 2093 2125 
2 2 1 2134 2165 
2 2 1 2175 2207 
2 2 1 2218 2252 
2 2 1 2263 2296 
2 2 1 2307 2341 
2 2 1 2349 2382 
2 2 1 2392 2426 
2 2 1 2435 2467 
2 2 1 2477 2510 
2 2 1 2520 2552 
2 2 1 2562 2595 
2 2 1 2605 2638 
2 2 1 2651 2683 
2 2 1 2693 2728 
2 2 1 2741 2774 
2 2 1 2789 2824 
2 2 1 2839 2874 
2 2 1 2887 2920 
2 2 1 2932 2966 
2 2 1 2979 3014 
2 2 1 3027 3064 
2 2 1 3080 3117 
2 2 1 3129 3166 
2 2 1 3181 3216 
2 2 1 3227 3264 
2 2 1 3275 3311 
2 2 1 3323 3358 
2 2 1 3370 3405 
2 2 1 3417 3455 
2 2 1 3465 3500 
2 2 1 3514 3548 
2 2 1 3561 3596 
3 2 2 83 108 
3 2 2 115 138 
3 2 2 145 167 
3 2 2 175 197 
3 2 2 205 227 
3 2 2 239 262 
3 2 2 271 295 
3 2 2 303 327 
3 2 2 334 357 
3 2 2 367 391 
3 2 2 401 423 
3 2 2 433 458 
3 2 2 469 492
3 2 2 502 525 
3 2 2 532 554
3 2 2 562 584
3 2 2 594 616
3 2 2 624 646
3 2 2 654 677
3 2 2 685 709
3 2 2 717 741
3 2 2 748 771
3 2 2 779 801 
3 2 2 810 831
3 2 2 839 862
3 2 2 870 892
3 2 2 903 925 
3 2 2 932 954 
3 2 2 959 981 
3 2 2 988 1010 
3 2 2 1017 1040 
3 2 2 1045 1067 
3 2 2 1074 1095 
3 2 2 1102 1125 
3 2 2 1134 1155 
3 2 2 1163 1185 
3 2 2 1193 1215 
3 2 2 1222 1243 
3 2 2 1252 1273 
3 2 2 1281 1303 
3 2 2 1313 1336
3 2 2 1344 1366 
3 2 2 1374 1396 
3 2 2 1404 1425 
3 2 2 1431 1454 
3 2 2 1461 1485 
3 2 2 1491 1513 
3 2 2 1521 1544 
3 2 2 1550 1572 
3 2 2 1579 1601 
3 2 2 1608 1630 
3 2 2 1638 1659 
3 2 2 1663 1685 
3 2 2 1691 1714 
3 2 2 1721 1743 
3 2 2 1749 1770 
3 2 2 1776 1797 
3 2 2 1803 1826 
3 2 2 1831 1852 
3 2 2 1862 1883 
3 2 2 1893 1915 
3 2 2 1926 1948 
3 2 2 1957 1979 
3 2 2 1988 2008 
3 2 2 2017 2039 
3 2 2 2048 2069 
3 2 2 2075 2097 
3 2 2 2104 2126 
3 2 2 2132 2154 
3 2 2 2161 2184 
3 2 2 2190 2212 
3 2 2 2222 2243 
3 2 2 2245 2269 
3 2 2 2276 2297 
3 2 2 2305 2328 
3 2 2 2334 2361 
3 2 2 2368 2391
3 2 2 2400 2424
3 2 2 2435 2457
3 2 2 2466 2489