1 1 0 265 302
1 1 0 334 368
1 1 0 406 441
1 1 0 474 511
1 1 0 537 573
1 1 0 597 632
1 1 0 658 693
1 1 0 723 761
1 1 0 785 820
1 1 0 847 881
1 1 0 905 938
1 1 0 962 997
1 1 0 1022 1057
1 1 0 1083 1116
1 1 0 1144 1180
1 1 0 1207 1244
1 1 0 1267 1302
1 1 0 1331 1368
1 1 0 1393 1431
1 1 0 1458 1499
1 1 0 1519 1557
1 1 0 1581 1620
1 1 0 1642 1682
1 1 0 1705 1745
1 1 0 1765 1803
1 1 0 1826 1865
1 1 0 1882 1920
1 1 0 1938 1976
1 1 0 1998 2037
1 1 0 2061 2100
1 1 0 2121 2162
1 1 0 2181 2220
1 1 0 2236 2276
1 1 0 2295 2333
1 1 0 2357 2394
1 1 0 2416 2451
1 1 0 2474 2508
1 1 0 2529 2564
1 1 0 2588 2626
1 1 0 2646 2683
1 1 0 2703 2740
1 1 0 2758 2796
1 1 0 2815 2851
1 1 0 2870 2904
1 1 0 2925 2961
1 1 0 2980 3019
1 1 0 3039 3075
1 1 0 3096 3131
1 1 0 3151 3185
1 1 0 3205 3242
1 1 0 3260 3294
1 1 0 3314 3350
1 1 0 3373 3410
1 1 0 3429 3465
1 1 0 3487 3521
1 1 0 3543 3578
1 1 0 3598 3634
1 1 0 3655 3690
1 1 0 3714 3751
1 1 0 3777 3811
1 1 0 3834 3869
1 1 0 3889 3924
1 1 0 3945 3980
1 1 0 3999 4034
1 1 0 4058 4093
1 1 0 4113 4149
1 1 0 4171 4206
1 1 0 4228 4263
1 1 0 4284 4320
1 1 0 4340 4376
1 1 0 4396 4434
1 1 0 4452 4490
1 1 0 4508 4544
1 1 0 4564 4599
1 1 0 4619 4656
1 1 0 4677 4712
1 1 0 4733 4769
1 1 0 4792 4827
1 1 0 4848 4885
1 1 0 4905 4942
2 1 1 100 142 
2 1 1 161 207
2 1 1 223 266
2 1 1 280 320
2 1 1 337 382
2 1 1 399 445
2 1 1 459 502
2 1 1 518 562
2 1 1 576 620
2 1 1 635 678
2 1 1 692 733
2 1 1 752 792
2 1 1 810 853
2 1 1 868 911
2 1 1 927 965
2 1 1 985 1024
2 1 1 1045 1084
2 1 1 1103 1144
2 1 1 1163 1207
2 1 1 1227 1268
2 1 1 1287 1326
2 1 1 1345 1384
2 1 1 1403 1444
2 1 1 1462 1500
2 1 1 1519 1560
2 1 1 1575 1618
2 1 1 1633 1672
2 1 1 1690 1733
2 1 1 1749 1790
2 1 1 1806 1848
2 1 1 1862 1905
2 1 1 1921 1966
2 1 1 1982 2028
2 1 1 2040 2085
2 1 1 2101 2142
2 1 1 2161 2204
2 1 1 2222 2264
2 1 1 2277 2324
2 1 1 2338 2384
2 1 1 2399 2443
2 1 1 2458 2500
2 1 1 2516 2558
2 1 1 2575 2616
2 1 1 2634 2679
2 1 1 2695 2737
2 1 1 2754 2797
2 1 1 2814 2855
2 1 1 2871 2912
2 1 1 2929 2969
2 1 1 2987 3027
2 1 1 3044 3085
2 1 1 3102 3141
2 1 1 3159 3198
2 1 1 3217 3258
2 1 1 3277 3318
2 1 1 3336 3376
2 1 1 3395 3435
2 1 1 3449 3488
2 1 1 3506 3546
2 1 1 3568 3610
2 1 1 3625 3663
2 1 1 3681 3722
2 1 1 3738 3779
2 1 1 3796 3834
2 1 1 3854 3892
2 1 1 3911 3950
2 1 1 3968 4006
2 1 1 4025 4065
2 1 1 4081 4121
2 1 1 4135 4176
2 1 1 4195 4235
2 1 1 4251 4291
2 1 1 4308 4350
2 1 1 4371 4410
2 1 1 4427 4467
2 1 1 4484 4523
2 1 1 4539 4581
2 1 1 4597 4636
2 1 1 4652 4693
2 1 1 4708 4750
3 1 2 127 156
3 1 2 175 198
3 1 2 217 241
3 1 2 259 284
3 1 2 301 327
3 1 2 340 364
3 1 2 378 404
3 1 2 418 442
3 1 2 457 483
3 1 2 497 523
3 1 2 538 565
3 1 2 577 603
3 1 2 616 643
3 1 2 657 685
3 1 2 699 726
3 1 2 739 767
3 1 2 780 808
3 1 2 818 844
3 1 2 857 884
3 1 2 895 927
3 1 2 934 963
3 1 2 974 1002
3 1 2 1012 1041
3 1 2 1053 1080
3 1 2 1094 1123
3 1 2 1136 1136
3 1 2 1177 1205
3 1 2 1216 1243
3 1 2 1255 1282
3 1 2 1294 1322
3 1 2 1334 1358
3 1 2 1374 1402
3 1 2 1412 1440
3 1 2 1450 1478
3 1 2 1488 1513
3 1 2 1528 1555
3 1 2 1569 1596
3 1 2 1608 1638
3 1 2 1648 1677
3 1 2 1687 1715
3 1 2 1727 1755
3 1 2 1767 1793
3 1 2 1806 1835
3 1 2 1846 1874
3 1 2 1887 1915
3 1 2 1925 1954
3 1 2 1964 1994
3 1 2 2004 2032
3 1 2 2047 2075
3 1 2 2086 2115
3 1 2 2125 2154
3 1 2 2164 2194
3 1 2 2202 2230
3 1 2 2241 2266
3 1 2 2280 2305
3 1 2 2318 2343
3 1 2 2358 2385
3 1 2 2396 2427
3 1 2 2436 2463
3 1 2 2476 2503
3 1 2 2516 2541
3 1 2 2555 2581
3 1 2 2594 2622
3 1 2 2634 2662
3 1 2 2675 2702
3 1 2 2715 2744
3 1 2 2755 2782
3 1 2 2793 2819
3 1 2 2833 2860
3 1 2 2875 2901
3 1 2 2914 2939
3 1 2 2956 2982
3 1 2 2999 3026
3 1 2 3042 3071
3 1 2 3082 3109
3 1 2 3122 3148
3 1 2 3162 3186
3 1 2 3199 3226
3 1 2 3239 3264
3 1 2 3279 3305