1 1 1 110 129
1 1 1 191 215
1 1 1 271 288
1 1 1 343 359
1 1 1 418 435
1 1 1 488 506
1 1 1 565 584
1 1 1 638 655
1 1 1 710 730
1 1 1 787 804
1 1 1 860 880
1 1 1 933 951
1 1 1 1006 1025
1 1 1 1077 1096
1 1 1 1150 1170
1 1 1 1220 1236
1 1 1 1294 1314
1 1 1 1365 1386
1 1 1 1436 1452
1 1 1 1508 1526
1 1 0 149 170
1 1 0 233 250
1 1 0 311 325
1 1 0 388 398
1 1 0 461 472
1 1 0 524 546
1 1 0 603 626
1 1 0 675 692
1 1 0 748 766
1 1 0 823 840
1 1 0 897 912
1 1 0 968 987
1 1 0 1043 1064
1 1 0 1112 1132
1 1 0 1187 1204
1 1 0 1259 1280
1 1 0 1331 1349
1 1 0 1402 1420
1 1 0 1471 1491
1 1 0 1541 1559
1 2 0 753 768 
1 2 1 786 803
1 2 0 820 835
1 2 1 8852 867
1 2 0 891 907
1 2 1 921 932
1 2 0 951 970
1 2 1 984 998
1 2 0 1022 1036
1 2 1 1055 1072
1 2 0 1089 1107
1 2 1 1122 1139
1 2 0 1160 1175
1 2 1 1192 1203
1 2 0 1221 1233
1 2 1 1251 1273
1 2 0 1291 1303
1 2 1 1328 1339
1 2 0 1365 1379
1 2 1 1402 1415
1 2 0 1439 1454 
1 2 1 1474 1487
1 2 0 1505 1523
1 2 1 1541 1552
1 2 0 1574 1589
1 2 1 1613 1628
1 2 0 1648 1661
1 2 1 1680 1693
1 2 0 1713 1729
1 2 1 1749 1762
1 2 0 1781 1798
1 2 1 1819 1828
1 2 0 1851 1864
1 2 1 1884 1896
1 2 0 1911 1924
1 2 1 1943 1953
1 2 0 1973 1987
1 2 1 2011 2016
1 2 0 2030 2047
1 2 1 2057 2074
1 2 0 2096 2113
1 3 0 127 151
1 3 0 208 225
1 3 0 299 319
1 3 0 386 408
1 3 0 468 495
1 3 0 552 573
1 3 0 634 663
1 3 0 719 742
1 3 0 805 825 
1 3 0 893 915
1 3 0 990 1016
1 3 0 1069 1090
1 3 0 1153 1177
1 3 0 1237 1255
1 3 0 1361 1384
1 3 0 1448 1472
1 3 0 1524 1555
1 3 0 1595 1612
1 3 0 1656 1680
1 3 0 1743 1774
1 3 1 166 181
1 3 1 251 272
1 3 1 337 361
1 3 1 425 447
1 3 1 512 535
1 3 1 597 619
1 3 1 677 694
1 3 1 757 772
1 3 1 849 881
1 3 1 938 965
1 3 1 1026 1049
1 3 1 1192 1215
1 3 1 1295 1320
1 3 1 1405 1426
1 3 1 1485 1514
1 3 1 1566 1592
1 3 1 1618 1643
1 3 1 1702 1727
1 3 1 1784 1850
1 6 0 169 184
1 6 0 265 279
1 6 0 358 373
1 6 0 451 466
1 6 0 538 552
1 6 0 638 650
1 6 0 726 741
1 6 0 811 829
1 6 0 894 914
1 6 0 979 994
1 6 0 1067 1078
1 6 0 1156 1167
1 6 0 1256 1267
1 6 0 1339 1352
1 6 0 1419 1432
1 6 0 1507 1522
1 6 0 1588 1603
1 6 0 1672 1688
1 6 0 1758 1771
1 6 0 1846 1860
1 6 1 121 134
1 6 1 223 240
1 6 1 313 327
1 6 1 406 417
1 6 1 494 504
1 6 1 593 608
1 6 1 685 699
1 6 1 768 782
1 6 1 848 859
1 6 1 935 942
1 6 1 1023 1035
1 6 1 1109 1122
1 6 1 1211 1222
1 6 1 1301 1316
1 6 1 1381 1391
1 6 1 1464 1475
1 6 1 1546 1562
1 6 1 1628 1640
1 6 1 1716 1728
1 6 1 1794 1817