-1 -1 -1 -1 -1 -1
-1 -1 -1 -1 -1 -1
-1 -1 -1 -1 -1 -1
-1 -1 -1 -1 -1 -1
-1 -1 -1 -1 -1 -1
-1 -1 -1 -1 -1 -1
-1 -1 -1 -1 -1 -1
-1 -1 -1 -1 -1 -1
-1 -1 -1 -1 -1 -1
-1 -1 -1 -1 -1 -1
-1 -1 -1 -1 -1 -1
-1 -1 -1 -1 -1 -1
-1 -1 -1 -1 -1 -1
-1 -1 -1 -1 -1 -1
-1 -1 -1 -1 -1 -1
-1 -1 -1 -1 -1 -1
-1 -1 -1 -1 -1 -1
-1 -1 -1 -1 -1 -1
-1 -1 -1 -1 -1 -1
-1 -1 -1 -1 -1 -1
1.8779 4.3664 -11.4962 0.8552 0.9324 -0.2534
-1 -1 -1 -1 -1 -1
6.9847 1.8015 11.5115 0.8491 0.9385 -0.2573
0.5496 1.6260 5.1450 0.8572 0.8748 -0.2603
-4.7557 -0.3588 -5.9237 0.8601 0.8931 -0.2583
-3.2595 3.1832 -5.6031 0.8552 0.9133 -0.2742
2.2824 8.4656 1.4809 0.8555 0.9121 -0.2544
6.6031 12.5802 -3.8168 0.8672 0.9041 -0.2505
-0.7634 11.0992 -7.4504 0.8813 0.8811 -0.2224
1.4733 14.5191 -44.3511 0.9121 0.9360 -0.1985
7.3130 19.4427 -54.4962 0.9358 1.0166 -0.1575
22.5649 -2.3053 28.8473 1.0068 0.1702 -0.3687
-38.8092 18.4046 150.3817 0.9475 0.6304 0.2209
-69.2366 37.5420 91.2672 0.8032 0.8623 -0.0293
-61.5573 16.3130 -2.4580 0.9006 1.1660 -0.2527
64.9008 2.8244 -69.7634 1.3669 0.8479 -0.0408
-5.1069 -16.6336 -25.5114 0.8779 0.7324 -0.2129
-7.3206 -2.2748 -29.9771 0.8835 0.7664 -0.1992
-3.3282 4.4122 -30.2519 0.9031 0.8296 -0.1919
-1.1603 9.0840 -15.1908 0.8716 0.8743 -0.1440
-12.5954 9.7939 -6.6641 0.8704 0.9248 -0.1777
-1.2748 15.6260 27.0916 0.8616 0.9390 -0.1138
-1.8244 5.1527 40.9618 0.8806 0.8020 -0.1465
19.3282 2.5191 46.6412 0.9619 0.7141 -0.0837
7.1374 -14.1374 26.8550 0.8115 0.6753 -0.3398
6.4809 -35.3817 -38.1603 0.7163 0.6951 0.0889
21.3511 -2.3282 -51.7099 1.0942 1.0269 0.0491
17.9237 8.3511 -39.2672 0.8611 0.7178 -0.2048
5.2519 2.0229 -12.5191 0.8684 0.8279 -0.2175
6.2061 0.7328 -9.5115 0.8650 0.8152 -0.2136
8.6336 3.3282 -9.4275 0.8699 0.8582 -0.2112
3.1603 3.9389 -2.1221 0.8696 0.8481 -0.2036
0.2977 3.9160 3.3664 0.8728 0.8450 -0.2231
1.0229 4.1527 4.6718 0.8713 0.8267 -0.2061
2.6412 4.0153 6.1527 0.8809 0.8159 -0.1970
1.2824 3.4885 5.7176 0.8677 0.7898 -0.1875
2.2824 4.6489 1.2290 0.8782 0.7849 -0.1951
4.0763 3.8779 4.8626 0.8723 0.7830 -0.1709
1.9466 3.1756 5.1145 0.8655 0.7502 -0.1797
2.3053 2.9542 0.1679 0.8667 0.7351 -0.1846
3.1756 2.7786 -2.0916 0.8606 0.7449 -0.1873
3.1527 2.8321 -2.4962 0.8672 0.7388 -0.1877
-1 -1 -1 -1 -1 -1
-1 -1 -1 -1 -1 -1
-1 -1 -1 -1 -1 -1
-1 -1 -1 -1 -1 -1
-1 -1 -1 -1 -1 -1
-1 -1 -1 -1 -1 -1
-1 -1 -1 -1 -1 -1
-1 -1 -1 -1 -1 -1
-1 -1 -1 -1 -1 -1
-1 -1 -1 -1 -1 -1
-1 -1 -1 -1 -1 -1
-1 -1 -1 -1 -1 -1
-1 -1 -1 -1 -1 -1
-1 -1 -1 -1 -1 -1
-1 -1 -1 -1 -1 -1
-1 -1 -1 -1 -1 -1
-1 -1 -1 -1 -1 -1
-1 -1 -1 -1 -1 -1
-1 -1 -1 -1 -1 -1
-1 -1 -1 -1 -1 -1
-1 -1 -1 -1 -1 -1
-1 -1 -1 -1 -1 -1
-1 -1 -1 -1 -1 -1
-1 -1 -1 -1 -1 -1
-1 -1 -1 -1 -1 -1
-1 -1 -1 -1 -1 -1
-1 -1 -1 -1 -1 -1
-1 -1 -1 -1 -1 -1
-1 -1 -1 -1 -1 -1
-1 -1 -1 -1 -1 -1
-1 -1 -1 -1 -1 -1
-1 -1 -1 -1 -1 -1
-1 -1 -1 -1 -1 -1
-1 -1 -1 -1 -1 -1
-1 -1 -1 -1 -1 -1
-1 -1 -1 -1 -1 -1
-1 -1 -1 -1 -1 -1
-1 -1 -1 -1 -1 -1
-1 -1 -1 -1 -1 -1
-1 -1 -1 -1 -1 -1
-1 -1 -1 -1 -1 -1
-1 -1 -1 -1 -1 -1
-1 -1 -1 -1 -1 -1
-1 -1 -1 -1 -1 -1
-1 -1 -1 -1 -1 -1
-1 -1 -1 -1 -1 -1
-1 -1 -1 -1 -1 -1
-1 -1 -1 -1 -1 -1
-1 -1 -1 -1 -1 -1
-1 -1 -1 -1 -1 -1
-1 -1 -1 -1 -1 -1
-1 -1 -1 -1 -1 -1
-1 -1 -1 -1 -1 -1
-1 -1 -1 -1 -1 -1
-1 -1 -1 -1 -1 -1
-1 -1 -1 -1 -1 -1
-1 -1 -1 -1 -1 -1
-1 -1 -1 -1 -1 -1
-7.4885 -2.4351 30.6641 0.8723 0.7405 -0.2278
-0.2061 7.6565 20.7023 0.8958 0.6838 -0.2104
5.7557 8.9389 18.3817 0.8623 0.7546 -0.1824
-6.4427 -0.4122 56.9847 0.8508 0.6113 -0.1948
13.5496 11.0763 58.5420 0.8652 0.4822 -0.1997
17.7099 55.7405 40.4809 0.7839 0.3362 -0.1863
37.5420 113.2901 -14.3206 0.8733 0.2805 -0.0430
44.2824 141.3511 -84.9313 1.3647 0.9216 -0.2100
-61.1145 -122.7710 66.4046 0.9993 -0.2126 -1.0381
-21.9847 -214.2901 20.4275 0.9146 0.5608 0.3528
-56.6489 -59.1069 -44.9313 0.8357 0.4075 0.7607
-86.2901 41.0611 -74.3664 0.9492 0.5264 0.3127
0.7023 21.0687 -13.6183 0.9712 0.5676 0.0078
-14.2366 10.3664 -10.4275 0.7554 0.7329 -0.1626
14.4275 10.0840 -39.0000 0.8701 0.7263 -0.1760
-8.6794 7.0763 -18.4962 0.8577 0.8530 -0.2085
7.9160 5.9695 -9.2519 0.8743 0.8447 -0.1970
-0.8626 4.2366 -9.7481 0.8635 0.8611 -0.1960
3.0305 4.2519 -4.9466 0.8699 0.8762 -0.1978
1.0840 3.0534 -5.0611 0.8794 0.8750 -0.1985
-1 -1 -1 -1 -1 -1
-1 -1 -1 -1 -1 -1
-1 -1 -1 -1 -1 -1
-1 -1 -1 -1 -1 -1
-1 -1 -1 -1 -1 -1
3.3359 2.4656 -2.8092 0.8694 0.8999 -0.1963
-1 -1 -1 -1 -1 -1
-1 -1 -1 -1 -1 -1
-1 -1 -1 -1 -1 -1
-1 -1 -1 -1 -1 -1
-1 -1 -1 -1 -1 -1
-1 -1 -1 -1 -1 -1
-1 -1 -1 -1 -1 -1
-1 -1 -1 -1 -1 -1
-1 -1 -1 -1 -1 -1
-1 -1 -1 -1 -1 -1
-1 -1 -1 -1 -1 -1
-1 -1 -1 -1 -1 -1
-1 -1 -1 -1 -1 -1
-1 -1 -1 -1 -1 -1
-1 -1 -1 -1 -1 -1
-1 -1 -1 -1 -1 -1
-1 -1 -1 -1 -1 -1
-1 -1 -1 -1 -1 -1
-1 -1 -1 -1 -1 -1
-1 -1 -1 -1 -1 -1
-1 -1 -1 -1 -1 -1
-1 -1 -1 -1 -1 -1
2.6412 -0.2824 8.0305 0.8748 0.8105 -0.1907
-4.2366 -4.6260 9.0611 0.9060 0.7764 -0.1865
178.7481 -19.0992 26.5420 1.0085 0.2195 0.0920
-42.2443 85.7863 40.0153 1.0857 0.8057 0.8696
16.1374 141.2977 -34.8931 0.9165 0.9075 0.4341
19.0687 142.2519 -69.9160 1.0183 0.6541 -0.0564
-120.7481 50.8015 27.4809 0.5161 0.6255 -0.4622
250.1298 -90.8321 81.9008 0.8975 -1.7446 0.6677
-8.0305 -170.1908 34.2595 1.0864 0.5537 -0.3518
-18.2595 -42.3130 -32.6870 0.8630 0.4417 -0.0708
2.0305 -12.0687 -60.3893 0.8711 0.5830 -0.1514
7.4885 -7.3893 -52.4122 0.8699 0.6941 -0.0281
8.8321 -15.0687 -28.7863 0.8506 0.7610 -0.1003
-10.2137 -0.3359 -14.8779 0.8948 0.7432 -0.1482
4.4580 3.8092 -27.4733 0.8616 0.8462 -0.1423
-11.5191 -5.9389 -6.4733 0.8994 0.8755 -0.1658
-1.4275 -0.4962 -7.8244 0.8679 0.8999 -0.1648
2.6260 0.2519 -0.7710 0.8716 0.8987 -0.1816
4.9695 1.3664 -2.4275 0.8811 0.8918 -0.1841
3.5496 1.7557 -0.9389 0.8757 0.8906 -0.1970
5.6183 1.4809 0.2443 0.8701 0.8870 -0.1907
2.7328 1.9008 -3.8473 0.8838 0.8757 -0.1943
-1 -1 -1 -1 -1 -1
-1 -1 -1 -1 -1 -1
-1 -1 -1 -1 -1 -1
-1 -1 -1 -1 -1 -1
-1 -1 -1 -1 -1 -1
-1 -1 -1 -1 -1 -1
-1 -1 -1 -1 -1 -1
-1 -1 -1 -1 -1 -1
-1 -1 -1 -1 -1 -1
-1 -1 -1 -1 -1 -1
-1 -1 -1 -1 -1 -1
-1 -1 -1 -1 -1 -1
-1 -1 -1 -1 -1 -1
-1 -1 -1 -1 -1 -1
-1 -1 -1 -1 -1 -1
-1 -1 -1 -1 -1 -1
-1 -1 -1 -1 -1 -1
-1 -1 -1 -1 -1 -1
-1 -1 -1 -1 -1 -1
-1 -1 -1 -1 -1 -1
-1 -1 -1 -1 -1 -1
-1 -1 -1 -1 -1 -1
-1 -1 -1 -1 -1 -1
-1 -1 -1 -1 -1 -1
-1 -1 -1 -1 -1 -1
-1 -1 -1 -1 -1 -1
-1 -1 -1 -1 -1 -1
-1 -1 -1 -1 -1 -1
-1 -1 -1 -1 -1 -1
-1 -1 -1 -1 -1 -1
-1 -1 -1 -1 -1 -1
-1 -1 -1 -1 -1 -1
11.0916 9.8931 14.3511 0.8848 0.7493 -0.1741
3.8321 23.6183 19.1450 0.8850 0.7395 -0.1643
2.9542 2.1374 49.9847 0.8411 0.6992 -0.1731
5.9771 -13.1985 58.0763 0.7407 0.5669 -0.2529
19.1221 32.2443 43.4427 0.8169 0.4563 -0.2375
28.9237 105.2443 1.9084 0.8154 0.3162 -0.0972
41.0611 161.5725 -104.4580 1.2971 0.5640 0.1792
10.4122 3.5115 -57.2366 0.4182 -0.4316 -1.4526
-3.2977 -157.1298 56.6107 1.0046 0.7053 -0.0361
-120.2519 -113.1221 -24.7252 0.7773 0.5161 0.3005
30.5878 -44.0000 -99.1374 1.0999 0.2988 0.7939
-95.5573 21.0687 -1.1832 0.7998 0.3540 -0.1057
47.0076 17.1527 -38.1221 0.9207 0.7405 -0.2510
0.5496 9.6031 -21.1603 0.8809 0.7681 -0.2649
4.4351 6.2519 -14.9695 0.8721 0.7927 -0.2151
-2.6489 4.4733 -18.5344 0.8677 0.8477 -0.2097
-1.4962 3.2214 -6.0916 0.8718 0.8601 -0.2104
-1.7252 3.4656 -9.5038 0.8699 0.8691 -0.2063
-1 -1 -1 -1 -1 -1
-1 -1 -1 -1 -1 -1
-1 -1 -1 -1 -1 -1
1.9237 2.1756 1.2443 0.8721 0.9001 -0.1948
-1 -1 -1 -1 -1 -1
-1 -1 -1 -1 -1 -1
-1 -1 -1 -1 -1 -1
-1 -1 -1 -1 -1 -1
-1 -1 -1 -1 -1 -1
-1 -1 -1 -1 -1 -1
-1 -1 -1 -1 -1 -1
-1 -1 -1 -1 -1 -1
-1 -1 -1 -1 -1 -1
-1 -1 -1 -1 -1 -1
-1 -1 -1 -1 -1 -1
-1 -1 -1 -1 -1 -1
-1 -1 -1 -1 -1 -1
-1 -1 -1 -1 -1 -1
-1 -1 -1 -1 -1 -1
-1 -1 -1 -1 -1 -1
-1 -1 -1 -1 -1 -1
-1 -1 -1 -1 -1 -1
-1 -1 -1 -1 -1 -1
-1 -1 -1 -1 -1 -1
4.1985 0.6870 9.9160 0.8728 0.8394 -0.2122
3.1069 -7.5573 8.3053 0.8770 0.7747 -0.1882
250.1298 -18.9084 12.3282 1.1265 0.3352 0.3162
-59.3053 88.2977 14.3969 1.0784 0.8955 0.7751
-19.2977 146.4809 -40.0611 0.9736 0.8901 0.2844
-75.7634 148.3511 -20.9008 0.9363 0.6816 -0.1826
-95.2748 22.8244 62.6794 0.5803 0.7581 -0.4492
91.6718 -125.3283 39.7099 1.3142 1.1943 0.9670
-34.3435 -130.6565 -12.2519 0.7444 0.4573 -0.5166
-27.4809 -23.2061 -38.7252 0.7891 0.4092 -0.1111
6.6870 -20.3282 -54.2824 0.8301 0.5640 -0.1445
3.1298 -6.3893 -46.2519 0.8987 0.6013 -0.0991
16.0763 -22.7252 -38.1603 0.5854 0.8496 -0.7537
3.6183 1.5191 -21.7176 0.9155 0.7454 -0.1270
2.3282 3.9847 -20.3969 0.8838 0.7849 -0.1787
1.5802 2.7786 -23.1832 0.9211 0.8965 -0.1743
-2.0076 -0.6412 -6.7176 0.8696 0.8545 -0.1711
0.8321 0.4046 -4.9237 0.8801 0.8748 -0.1716
1.8931 2.1756 -4.0000 0.8787 0.8723 -0.1819
1.2824 1.9542 -3.8092 0.8730 0.8748 -0.1855
-1 -1 -1 -1 -1 -1
-1 -1 -1 -1 -1 -1
-1 -1 -1 -1 -1 -1
-1 -1 -1 -1 -1 -1
-1 -1 -1 -1 -1 -1
-1 -1 -1 -1 -1 -1
-1 -1 -1 -1 -1 -1
-1 -1 -1 -1 -1 -1
-1 -1 -1 -1 -1 -1
-1 -1 -1 -1 -1 -1
-1 -1 -1 -1 -1 -1
-1 -1 -1 -1 -1 -1
-1 -1 -1 -1 -1 -1
-1 -1 -1 -1 -1 -1
-1 -1 -1 -1 -1 -1
-1 -1 -1 -1 -1 -1
-1 -1 -1 -1 -1 -1
-1 -1 -1 -1 -1 -1
-1 -1 -1 -1 -1 -1
-1 -1 -1 -1 -1 -1
-1 -1 -1 -1 -1 -1
-1 -1 -1 -1 -1 -1
-1 -1 -1 -1 -1 -1
-1 -1 -1 -1 -1 -1
-1 -1 -1 -1 -1 -1
-1 -1 -1 -1 -1 -1
-1 -1 -1 -1 -1 -1
-1 -1 -1 -1 -1 -1
7.8397 3.0153 2.2137 0.8701 0.8867 -0.1763
11.1374 2.3817 21.2672 0.8655 0.8479 -0.1560
-8.5344 12.1908 12.7939 0.9050 0.7959 -0.2520
18.2748 27.5496 11.7634 0.8918 0.7615 -0.1599
-0.1679 -17.0076 87.1145 0.7983 0.6350 -0.1167
6.8397 -3.5191 76.3359 0.7566 0.5168 -0.2407
29.5954 60.7328 42.2824 0.8008 0.3096 -0.1299
37.9313 151.2137 -33.2672 0.9331 0.3337 -0.0552
-27.7786 90.9924 -76.1298 0.9663 0.6560 -0.8845
116.7939 -144.7939 12.0458 0.7920 0.5168 -0.6206
-139.7939 -137.7710 1.5725 1.0078 0.7410 0.4209
21.3435 -78.3511 -84.5725 0.9143 0.5447 0.8730
-60.2290 33.2901 -3.2443 0.9583 0.3452 -0.3279
45.6947 19.2214 -49.3206 0.9644 0.7234 -0.3337
-11.0076 10.5420 -24.1679 0.8611 0.7859 -0.2549
8.7939 10.4275 -26.2214 0.8638 0.8633 -0.2839
5.6947 5.5573 -13.1985 0.8640 0.8530 -0.2346
-1 -1 -1 -1 -1 -1
6.3893 3.3282 -0.0382 0.8599 0.8882 -0.2500
5.2672 4.7328 -2.1985 0.8748 0.8721 -0.2378
3.8931 4.9771 -1.4733 0.8635 0.8862 -0.2422
-1 -1 -1 -1 -1 -1
2.0000 5.1908 -4.1679 0.8750 0.8721 -0.2205
0.5954 5.2214 -2.7863 0.8665 0.8784 -0.2158
-1 -1 -1 -1 -1 -1
-1 -1 -1 -1 -1 -1
-1 -1 -1 -1 -1 -1
-1 -1 -1 -1 -1 -1
-1 -1 -1 -1 -1 -1
-1 -1 -1 -1 -1 -1
-1 -1 -1 -1 -1 -1
-1 -1 -1 -1 -1 -1
-1 -1 -1 -1 -1 -1
-1 -1 -1 -1 -1 -1
-1 -1 -1 -1 -1 -1
-1 -1 -1 -1 -1 -1
-1 -1 -1 -1 -1 -1
-1 -1 -1 -1 -1 -1
-1 -1 -1 -1 -1 -1
-1 -1 -1 -1 -1 -1
-1 -1 -1 -1 -1 -1
2.5573 1.0611 2.7557 0.8640 0.8748 -0.2043
-1 -1 -1 -1 -1 -1
-1 -1 -1 -1 -1 -1
-1 -1 -1 -1 -1 -1
57.1603 -29.5802 58.8855 1.0527 0.6309 -0.0159
42.9695 58.2901 49.1908 1.1343 0.8494 1.0291
12.4809 157.8015 -19.0076 0.8440 0.7644 0.4675
-67.9084 162.0382 -78.3206 0.8918 0.7073 0.0264
-98.3817 34.1221 37.4427 0.5876 0.6687 -0.6636
52.8397 -143.3282 34.1374 1.2456 0.8977 0.8738
-19.9771 -75.1832 -26.3817 0.7000 0.2385 -0.2405
-7.7863 -30.7099 -65.9771 0.7629 0.5908 -0.0605
11.3817 -27.4122 -39.1450 0.8357 0.7141 -0.1155
0.5496 -21.5725 -21.5496 0.8015 0.7495 -0.1672
8.0611 -18.6565 -20.2748 0.9058 0.8618 -0.2073
-4.1985 -0.3969 -14.9618 0.8701 0.7683 -0.1472
-3.7939 0.6031 -9.1756 0.8618 0.8408 -0.2236
-3.0458 0.1069 -4.0992 0.8818 0.8474 -0.1926
-1.5802 3.3664 -9.5191 0.8723 0.8237 -0.2041
-1.6031 5.1221 -12.1832 0.8745 0.8555 -0.2014
-1.0763 3.1985 -4.6183 0.8728 0.8816 -0.1885
2.6412 1.4962 -0.2366 0.8787 0.8772 -0.1965
4.0000 4.3130 -4.4122 0.8733 0.8728 -0.2021
2.1374 2.8855 -3.6489 0.8767 0.8721 -0.1895
-1 -1 -1 -1 -1 -1
-1 -1 -1 -1 -1 -1
-1 -1 -1 -1 -1 -1
-1 -1 -1 -1 -1 -1
1.8855 3.1069 -2.7863 0.8708 0.8623 -0.1956
-1 -1 -1 -1 -1 -1
-1 -1 -1 -1 -1 -1
-1 -1 -1 -1 -1 -1
-1 -1 -1 -1 -1 -1
-1 -1 -1 -1 -1 -1
-1 -1 -1 -1 -1 -1
-1 -1 -1 -1 -1 -1
-1 -1 -1 -1 -1 -1
-1 -1 -1 -1 -1 -1
-1 -1 -1 -1 -1 -1
-1 -1 -1 -1 -1 -1
-1 -1 -1 -1 -1 -1
-1 -1 -1 -1 -1 -1
-1 -1 -1 -1 -1 -1
-1 -1 -1 -1 -1 -1
-1 -1 -1 -1 -1 -1
-1 -1 -1 -1 -1 -1
-1 -1 -1 -1 -1 -1
-1 -1 -1 -1 -1 -1
-1 -1 -1 -1 -1 -1
-1 -1 -1 -1 -1 -1
-1 -1 -1 -1 -1 -1
-1 -1 -1 -1 -1 -1
-0.8321 -1.0687 25.1756 0.8530 0.7725 -0.2295
1.1603 12.9160 6.1450 0.8835 0.7588 -0.2141
6.9618 29.7863 -9.4046 0.8813 0.7573 -0.1687
17.6794 12.6412 45.5649 0.8687 0.8284 -0.0601
7.5267 -8.6260 84.0763 0.8618 0.5845 -0.1753
15.7328 64.3130 45.8626 0.8582 0.3286 -0.1396
25.3817 161.5420 -38.1679 0.9404 0.3945 0.0764
-29.4122 105.7481 -37.4504 0.8271 0.4358 -0.9172
97.1832 -141.4733 35.8397 0.9839 0.7505 -0.4456
-4.4962 -152.7481 34.8550 1.2283 0.8440 1.0901
-0.4885 -78.7099 -73.6794 0.9468 0.6377 0.9700
-244.7099 -37.2595 -45.0687 0.8611 -0.2354 -2.0000
34.6107 25.9695 -41.7939 0.8486 0.6313 -0.2183
10.7176 16.8550 -22.0916 0.8770 0.8022 -0.2617
6.5954 8.4656 -9.8626 0.8254 0.8401 -0.2913
-0.2977 8.6031 -9.5267 0.8357 0.9004 -0.2583
18.3053 1.6565 -9.0305 0.8921 0.8445 -0.1902
8.4733 2.0916 -4.1603 0.8528 0.8452 -0.2349
-1 -1 -1 -1 -1 -1
4.3817 4.9389 -6.7099 0.8652 0.8757 -0.2251
-1.5496 6.0305 -6.5954 0.8672 0.8740 -0.2156
-5.5420 5.3740 -5.2366 0.8784 0.8975 -0.2100
-1 -1 -1 -1 -1 -1
-1 -1 -1 -1 -1 -1
-1 -1 -1 -1 -1 -1
-1 -1 -1 -1 -1 -1
-1 -1 -1 -1 -1 -1
-1 -1 -1 -1 -1 -1
-1 -1 -1 -1 -1 -1
-1 -1 -1 -1 -1 -1
-1 -1 -1 -1 -1 -1
-1 -1 -1 -1 -1 -1
-1 -1 -1 -1 -1 -1
-1 -1 -1 -1 -1 -1
-1 -1 -1 -1 -1 -1
-1 -1 -1 -1 -1 -1
-1 -1 -1 -1 -1 -1
-1 -1 -1 -1 -1 -1
-1 -1 -1 -1 -1 -1
-1 -1 -1 -1 -1 -1
-1 -1 -1 -1 -1 -1
-1 -1 -1 -1 -1 -1
-1 -1 -1 -1 -1 -1
-1 -1 -1 -1 -1 -1
-1 -1 -1 -1 -1 -1
-3.2595 -10.4504 33.0611 0.8909 0.8792 -0.2322
92.8015 -2.8244 18.2061 0.9978 0.8220 0.2568
2.5420 78.5344 -10.0305 1.0637 0.8848 0.8774
-30.7481 150.6947 -36.5267 0.9487 0.7808 0.4197
-95.4122 158.4275 -28.0763 1.0356 0.6621 -0.1943
-95.1527 9.6870 99.1450 0.5427 0.7246 -0.7324
-6.2443 -146.7939 55.7252 1.9999 1.9999 1.9275
-36.7099 -95.8168 -18.0305 1.0063 0.3892 0.0405
-18.5649 -28.3511 -36.3206 0.8079 0.4258 -0.0288
-1.4122 -24.2137 -42.1603 0.8616 0.5952 -0.1875
-2.2214 -0.8015 -44.6641 0.8743 0.6240 -0.1528
10.3893 -7.0916 -45.6489 0.8181 0.6995 -0.2065
-5.2366 3.7863 -28.1450 0.8699 0.7813 -0.1384
-8.5649 -5.4504 -17.1985 0.8792 0.8599 -0.1765
-0.9618 -0.0229 -10.8779 0.8784 0.8608 -0.1604
-0.2290 1.1069 -6.2366 0.8950 0.8926 -0.1819
1.8931 2.6947 -7.2061 0.8831 0.8948 -0.2117
2.7176 5.0611 -8.7099 0.8757 0.9031 -0.1863
2.8092 3.2672 -4.0076 0.8730 0.9143 -0.1973
3.7099 3.0534 -1.8550 0.8674 0.9055 -0.1917
3.7557 3.3664 -2.6031 0.8733 0.9043 -0.1914
-1 -1 -1 -1 -1 -1
-1 -1 -1 -1 -1 -1
-1 -1 -1 -1 -1 -1
-1 -1 -1 -1 -1 -1
-1 -1 -1 -1 -1 -1
-1 -1 -1 -1 -1 -1
-1 -1 -1 -1 -1 -1
-1 -1 -1 -1 -1 -1
-1 -1 -1 -1 -1 -1
-1 -1 -1 -1 -1 -1
-1 -1 -1 -1 -1 -1
-1 -1 -1 -1 -1 -1
-1 -1 -1 -1 -1 -1
-1 -1 -1 -1 -1 -1
-1 -1 -1 -1 -1 -1
-1 -1 -1 -1 -1 -1
-1 -1 -1 -1 -1 -1
-1 -1 -1 -1 -1 -1
-1 -1 -1 -1 -1 -1
-1 -1 -1 -1 -1 -1
-1 -1 -1 -1 -1 -1
-1 -1 -1 -1 -1 -1
12.2748 12.8626 2.7863 0.8984 0.7939 -0.2432
8.3588 16.0992 14.1527 0.8845 0.8618 -0.1797
-7.4351 15.4580 42.9008 0.8748 0.8015 -0.1631
7.7328 5.0305 69.7176 0.8914 0.7090 -0.0835
25.5725 11.2366 68.0534 0.8765 0.5171 -0.1350
18.9618 103.3435 38.7557 0.8437 0.3494 -0.1587
23.1450 165.1069 -70.7863 1.2708 0.5337 0.1946
57.8931 -17.1069 -42.2748 0.2144 -0.7920 -1.5066
240.9924 -197.9847 40.8397 1.1011 1.0940 -0.1628
-101.5267 -129.7405 -7.0153 0.8835 0.5566 0.9746
-50.4885 3.8550 -93.0840 1.0090 0.7744 0.5242
-6.3130 10.2748 -9.1298 0.8491 0.6436 -0.2703
32.5115 22.6870 -27.7863 0.8088 0.6831 -0.2366
0.1221 11.6641 -18.8473 0.8699 0.7788 -0.2412
3.6794 9.2061 -11.5420 0.8691 0.7930 -0.2109
0.0992 7.6794 -3.0763 0.8752 0.7983 -0.2029
3.7405 7.0229 -3.9313 0.8774 0.8135 -0.1936
-1 -1 -1 -1 -1 -1
-1 -1 -1 -1 -1 -1
-1 -1 -1 -1 -1 -1
-1 -1 -1 -1 -1 -1
-1 -1 -1 -1 -1 -1
4.3817 -0.2519 -5.4351 0.8667 0.8201 -0.2100
4.6794 1.9771 -4.1298 0.8894 0.8118 -0.1907
-1 -1 -1 -1 -1 -1
-1 -1 -1 -1 -1 -1
-1 -1 -1 -1 -1 -1
-1 -1 -1 -1 -1 -1
-1 -1 -1 -1 -1 -1
-1 -1 -1 -1 -1 -1
-1 -1 -1 -1 -1 -1
-1 -1 -1 -1 -1 -1
-1 -1 -1 -1 -1 -1
-1 -1 -1 -1 -1 -1
-1 -1 -1 -1 -1 -1
-1 -1 -1 -1 -1 -1
-1 -1 -1 -1 -1 -1
-1 -1 -1 -1 -1 -1
-1 -1 -1 -1 -1 -1
-1 -1 -1 -1 -1 -1
-1 -1 -1 -1 -1 -1
-1 -1 -1 -1 -1 -1
-1 -1 -1 -1 -1 -1
-1 -1 -1 -1 -1 -1
4.6794 2.6260 -0.0229 0.8743 0.7944 -0.2156
2.4351 0.7176 11.0305 0.8701 0.7903 -0.2205
-6.2748 -11.2519 15.9542 0.8569 0.7368 -0.2051
113.7328 -9.2672 3.2443 0.9585 0.5164 0.0449
-19.9466 49.0458 10.3893 1.1292 1.0867 0.8347
-10.2137 133.8321 -21.5802 0.8716 0.7861 0.5442
-24.9008 163.9466 -85.8168 1.0937 0.7510 0.0732
-216.4733 59.8321 87.5267 0.5854 0.4839 -0.6814
11.8015 -137.2290 65.0000 1.5286 0.6694 0.6270
-29.6336 -114.6794 -5.3893 0.8704 0.3335 -0.1204
-17.7481 -32.7328 -68.2672 0.8049 0.4053 -0.0903
15.7481 -5.3435 -63.7786 0.7971 0.5867 -0.1682
12.4046 -5.2214 -41.7634 0.8882 0.7358 -0.1541
1.0687 -1.5267 -33.1450 0.8330 0.7920 -0.2639
0.1374 0.1221 -12.7481 0.8635 0.8386 -0.1907
2.6107 -2.2366 -3.4198 0.8870 0.8264 -0.1772
-5.0763 1.8168 -7.9084 0.8987 0.7937 -0.1626
-1.7023 2.4809 -8.3664 0.8740 0.8291 -0.1941
-0.5573 1.9924 -5.7023 0.8701 0.8518 -0.1953
-2.6260 3.0763 -5.4733 0.8752 0.8584 -0.1926
-2.9313 2.0382 -4.7252 0.8730 0.8557 -0.1970
0.4885 2.8779 -5.4275 0.8750 0.8665 -0.1946
0.4656 2.2061 -3.7557 0.8755 0.8684 -0.2053
-1 -1 -1 -1 -1 -1
-1 -1 -1 -1 -1 -1
0.7863 3.4046 -3.6489 0.8730 0.8779 -0.1990
3.2824 3.0992 -2.6565 0.8735 0.8767 -0.1965
2.7099 3.2595 -2.3359 0.8687 0.8821 -0.2017
-1 -1 -1 -1 -1 -1
-1 -1 -1 -1 -1 -1
-1 -1 -1 -1 -1 -1
-1 -1 -1 -1 -1 -1
-1 -1 -1 -1 -1 -1
-1 -1 -1 -1 -1 -1
-1 -1 -1 -1 -1 -1
-1 -1 -1 -1 -1 -1
-1 -1 -1 -1 -1 -1
-1 -1 -1 -1 -1 -1
-1 -1 -1 -1 -1 -1
-1 -1 -1 -1 -1 -1
-1 -1 -1 -1 -1 -1
-1 -1 -1 -1 -1 -1
-1 -1 -1 -1 -1 -1
-1 -1 -1 -1 -1 -1
-1 -1 -1 -1 -1 -1
-1 -1 -1 -1 -1 -1
-1 -1 -1 -1 -1 -1
-1 -1 -1 -1 -1 -1
-1 -1 -1 -1 -1 -1
-1 -1 -1 -1 -1 -1
-1 -1 -1 -1 -1 -1
-1 -1 -1 -1 -1 -1
-1 -1 -1 -1 -1 -1
-1 -1 -1 -1 -1 -1
-1 -1 -1 -1 -1 -1
-4.0611 -8.5267 48.5038 0.8809 0.8523 -0.1719
2.3206 8.5573 24.4656 0.8623 0.6433 -0.2227
-0.7557 22.9008 -1.9847 0.9094 0.6431 -0.1687
5.1221 -4.0534 51.4809 0.7910 0.7395 -0.1877
2.8168 11.2901 67.7481 0.8623 0.4976 -0.2229
16.5802 81.3359 38.9847 0.7759 0.2888 -0.1208
40.9084 157.6336 -40.6412 1.2869 0.5879 0.0056
-52.4046 75.4580 -25.4351 0.5249 0.4121 -0.9753
-3.5954 -130.6641 63.7710 1.0652 0.8103 -0.3015
-56.4046 -152.9008 -58.9771 0.7480 0.4651 0.5476
30.0916 -35.1221 -113.4657 1.1909 0.0723 1.0486
-15.0305 28.8015 -27.6565 1.0740 0.7485 -0.0728
-36.6565 1.1527 5.9542 0.7356 0.4226 -0.3755
-5.3893 10.5267 -13.9542 0.8467 0.8484 -0.2083
15.6107 9.6870 -28.5038 0.9153 0.7410 -0.1526
5.6260 6.3817 -25.7863 0.8645 0.7944 -0.2122
-5.3511 1.8779 -20.8168 0.8865 0.8215 -0.1672
-7.4885 1.6107 -12.5267 0.8611 0.8691 -0.1853
0.7710 1.3969 -2.8473 0.8735 0.8779 -0.1980
2.6412 1.5344 -2.7786 0.8735 0.8696 -0.1948
-1 -1 -1 -1 -1 -1
-1 -1 -1 -1 -1 -1
-1 -1 -1 -1 -1 -1
-1 -1 -1 -1 -1 -1
3.2443 3.2977 -2.1832 0.8733 0.8691 -0.2034
-1 -1 -1 -1 -1 -1
-1 -1 -1 -1 -1 -1
-1 -1 -1 -1 -1 -1
-1 -1 -1 -1 -1 -1
-1 -1 -1 -1 -1 -1
-1 -1 -1 -1 -1 -1
-1 -1 -1 -1 -1 -1
-1 -1 -1 -1 -1 -1
-1 -1 -1 -1 -1 -1
-1 -1 -1 -1 -1 -1
-1 -1 -1 -1 -1 -1
-1 -1 -1 -1 -1 -1
-1 -1 -1 -1 -1 -1
-1 -1 -1 -1 -1 -1
-1 -1 -1 -1 -1 -1
-1 -1 -1 -1 -1 -1
-1 -1 -1 -1 -1 -1
-1 -1 -1 -1 -1 -1
-1 -1 -1 -1 -1 -1
-1 -1 -1 -1 -1 -1
8.7252 -0.9008 2.6641 0.8652 0.8718 -0.2170
17.9313 -24.9618 55.2061 0.9844 0.8267 -0.0603
25.5954 -6.0153 44.5038 1.2605 0.7234 0.7295
15.4580 137.9466 13.3282 0.9458 0.5173 0.6050
47.3588 168.6870 -19.3511 0.9783 0.6719 0.0740
-77.4046 101.8321 10.5649 0.8369 0.5046 -0.7683
244.1985 -121.8244 33.7405 1.1575 0.7205 -0.4685
-0.6641 -127.6565 -24.7557 0.5500 0.3958 -0.2517
-27.8550 -21.0534 -69.2366 0.8965 0.6208 0.0215
1.5649 -23.8626 -44.2901 0.8579 0.7651 -0.0681
-0.6947 -16.1298 -22.7863 0.8994 0.8606 -0.1018
2.8168 -14.2137 -19.9084 0.8979 0.7859 -0.0959
-5.9466 -3.9084 -17.0534 0.8977 0.8501 -0.1406
-8.8855 -3.8550 -14.2137 0.8589 0.9033 -0.1863
2.4962 -3.0687 -2.1298 0.8809 0.8987 -0.1858
-1 -1 -1 -1 -1 -1
4.8779 -0.4122 -2.7099 0.8708 0.9192 -0.2034
2.0000 0.4504 -0.5267 0.8811 0.9092 -0.2068
3.8397 2.4427 -2.2214 0.8748 0.9019 -0.2007
-1 -1 -1 -1 -1 -1
2.3130 2.9160 -1.7557 0.8691 0.8987 -0.2151
2.0611 3.9924 -2.6107 0.8726 0.8997 -0.2053
-1 -1 -1 -1 -1 -1
-1 -1 -1 -1 -1 -1
-1 -1 -1 -1 -1 -1
-1 -1 -1 -1 -1 -1
-1 -1 -1 -1 -1 -1
-1 -1 -1 -1 -1 -1
-1 -1 -1 -1 -1 -1
-1 -1 -1 -1 -1 -1
-1 -1 -1 -1 -1 -1
-1 -1 -1 -1 -1 -1
-1 -1 -1 -1 -1 -1
-1 -1 -1 -1 -1 -1
-1 -1 -1 -1 -1 -1
-1 -1 -1 -1 -1 -1
-1 -1 -1 -1 -1 -1
-1 -1 -1 -1 -1 -1
-1 -1 -1 -1 -1 -1
-1 -1 -1 -1 -1 -1
-1 -1 -1 -1 -1 -1
-1 -1 -1 -1 -1 -1
-1 -1 -1 -1 -1 -1
-1 -1 -1 -1 -1 -1
-1 -1 -1 -1 -1 -1
-1 -1 -1 -1 -1 -1
-1 -1 -1 -1 -1 -1
5.4427 -1.6336 21.5802 0.8826 0.7649 -0.2314
2.4122 10.3969 30.5725 0.8608 0.6655 -0.1851
5.5038 -12.1374 49.0305 0.8245 0.7126 -0.2556
6.3130 -3.3817 55.6183 0.8472 0.6790 -0.2266
23.1756 30.9618 44.9466 0.7993 0.3997 -0.2146
29.1756 108.7557 17.2977 0.8220 0.3364 -0.1824
46.3588 160.7099 -78.2748 1.1760 0.4590 0.0483
198.0687 -24.8092 -67.7405 0.4028 -0.4937 -1.0955
44.9237 -163.9008 89.8015 1.2009 0.7747 -0.0042
-91.7481 -120.2137 10.9466 0.7363 0.6563 0.7651
-21.8092 -19.7557 -83.8473 0.9980 0.6665 0.7969
-3.3817 25.8550 -1.7710 0.9314 0.7915 -0.1780
32.8397 15.7176 -22.6336 0.8345 0.6301 -0.1565
12.7786 10.4504 -36.2977 0.9097 0.6245 -0.2046
2.8779 8.8473 -28.0458 0.8628 0.8613 -0.2690
-2.9389 8.2137 -2.7786 0.8428 0.8491 -0.2375
2.0763 6.5878 -2.1145 0.8706 0.8093 -0.2124
2.8168 5.6183 -1.0611 0.8887 0.7949 -0.1890
2.9237 4.0229 -2.9542 0.8730 0.8088 -0.2007
-1 -1 -1 -1 -1 -1
-1 -1 -1 -1 -1 -1
-1 -1 -1 -1 -1 -1
-1 -1 -1 -1 -1 -1
-1 -1 -1 -1 -1 -1
-1 -1 -1 -1 -1 -1
-1 -1 -1 -1 -1 -1
-1 -1 -1 -1 -1 -1
-1 -1 -1 -1 -1 -1
-1 -1 -1 -1 -1 -1
-1 -1 -1 -1 -1 -1
-1 -1 -1 -1 -1 -1
-1 -1 -1 -1 -1 -1
-1 -1 -1 -1 -1 -1
-1 -1 -1 -1 -1 -1
-1 -1 -1 -1 -1 -1
-1 -1 -1 -1 -1 -1
-1 -1 -1 -1 -1 -1
-1 -1 -1 -1 -1 -1
-1 -1 -1 -1 -1 -1
-1 -1 -1 -1 -1 -1
-1 -1 -1 -1 -1 -1
11.6870 -22.5344 40.6718 0.9165 0.7173 -0.1902
136.8779 9.4275 19.2137 1.1194 0.7944 0.4692
18.8397 117.5649 13.6107 0.8691 0.5474 0.8157
25.6412 176.2595 -97.9466 1.0696 0.8135 0.3384
-87.7863 94.6031 16.9237 0.7456 0.3809 -0.6626
250.1298 -124.9389 81.4122 0.7065 -0.1150 -0.5117
-42.3130 -149.1832 32.8855 0.4556 0.0928 0.0015
-19.9466 -41.4962 -25.8550 0.9595 0.5073 -0.0935
3.9237 -22.1679 -55.6183 0.8010 0.5107 -0.0725
15.8015 -14.1450 -52.4122 0.9087 0.6516 -0.0806
7.0229 -9.0840 -32.8168 0.8774 0.7593 -0.1716
-6.7557 4.1832 -21.4275 0.9263 0.7756 -0.1611
3.6183 2.2519 -16.3588 0.8572 0.9036 -0.1687
0.4885 -2.8779 2.6794 0.8875 0.8479 -0.1765
2.2443 0.5038 -2.2519 0.8782 0.8464 -0.1902
0.6794 0.4809 -3.9847 0.8816 0.8416 -0.1763
3.7786 1.4809 -2.3359 0.8738 0.8462 -0.1948
-1 -1 -1 -1 -1 -1
-1 -1 -1 -1 -1 -1
2.1374 3.4885 -4.5344 0.8699 0.8411 -0.1978
-1 -1 -1 -1 -1 -1
2.5420 3.2061 -3.1221 0.8765 0.8491 -0.2036
-1 -1 -1 -1 -1 -1
-1 -1 -1 -1 -1 -1
-1 -1 -1 -1 -1 -1
-1 -1 -1 -1 -1 -1
-1 -1 -1 -1 -1 -1
-1 -1 -1 -1 -1 -1
-1 -1 -1 -1 -1 -1
-1 -1 -1 -1 -1 -1
-1 -1 -1 -1 -1 -1
-1 -1 -1 -1 -1 -1
-1 -1 -1 -1 -1 -1
-1 -1 -1 -1 -1 -1
-1 -1 -1 -1 -1 -1
-1 -1 -1 -1 -1 -1
-1 -1 -1 -1 -1 -1
-1 -1 -1 -1 -1 -1
-1 -1 -1 -1 -1 -1
-1 -1 -1 -1 -1 -1
-1 -1 -1 -1 -1 -1
-1 -1 -1 -1 -1 -1
9.6718 1.7634 16.1527 0.8796 0.8596 -0.1726
-0.4580 -6.6107 40.3740 0.8818 0.7605 -0.1726
5.3282 9.3740 4.8244 0.8857 0.6357 -0.2041
9.2519 15.2901 15.2519 0.8584 0.7366 -0.1855
5.6870 -10.2595 59.1679 0.8425 0.6277 -0.1763
13.0687 30.1145 53.9084 0.8416 0.4172 -0.2939
20.2595 115.4351 10.4962 0.8079 0.3989 -0.0996
35.4351 164.5649 -84.3283 1.1746 0.5071 0.1370
-3.3435 -33.2672 -38.4275 0.7837 0.3572 -1.2095
94.4504 -189.2214 45.4122 1.1958 0.7197 0.2134
-65.9924 -114.7252 -7.3053 0.9568 0.7256 0.6133
-47.8779 5.4885 -69.3893 0.9023 0.7241 0.7966
-44.1145 19.0153 1.5802 0.8096 0.7212 -0.1428
23.9618 15.9237 -24.6794 0.8704 0.6904 -0.2510
-2.2824 14.3588 -18.8397 0.8806 0.7910 -0.2253
-1 -1 -1 -1 -1 -1
-2.3740 5.0840 -9.5649 0.8904 0.8201 -0.1812
-1.2366 3.8626 -9.2366 0.8708 0.8721 -0.1729
1.0382 3.6031 -5.2519 0.8777 0.8606 -0.1912
-1 -1 -1 -1 -1 -1
-1 -1 -1 -1 -1 -1
1.8015 1.6718 -4.4962 0.8762 0.8691 -0.1880
2.4198 1.1527 -5.2595 0.8767 0.8767 -0.1846
-1 -1 -1 -1 -1 -1
-1 -1 -1 -1 -1 -1
-1 -1 -1 -1 -1 -1
-1 -1 -1 -1 -1 -1
-1 -1 -1 -1 -1 -1
-1 -1 -1 -1 -1 -1
-1 -1 -1 -1 -1 -1
-1 -1 -1 -1 -1 -1
-1 -1 -1 -1 -1 -1
-1 -1 -1 -1 -1 -1
-1 -1 -1 -1 -1 -1
-1 -1 -1 -1 -1 -1
-1 -1 -1 -1 -1 -1
-1 -1 -1 -1 -1 -1
-1 -1 -1 -1 -1 -1
-1 -1 -1 -1 -1 -1
-1 -1 -1 -1 -1 -1
-1 -1 -1 -1 -1 -1
-1 -1 -1 -1 -1 -1
-1 -1 -1 -1 -1 -1
3.3359 -4.2366 26.0000 0.8538 0.8372 -0.2070
13.8092 -25.6947 47.1221 0.9312 0.6877 -0.1418
112.0763 39.3130 -4.5878 1.1997 1.3560 0.7944
-47.1679 125.0840 -3.4046 0.9829 0.8169 0.4814
1.8550 143.0458 -95.6641 0.8494 0.7300 0.3176
-109.3435 118.3053 -14.2366 0.7366 0.6167 -0.2275
-108.2443 -76.2290 99.8779 0.5867 1.0215 -0.7039
-17.9847 -188.0840 25.9084 0.9978 0.8201 -0.8667
-26.0000 -57.7634 -16.1450 0.8831 0.3494 -0.0898
-7.3740 -22.9237 -36.5115 0.7932 0.4333 -0.0532
0.9237 -18.1908 -32.0000 0.8345 0.5396 -0.1016
10.7710 -12.7939 -32.4198 0.9153 0.5508 -0.1802
8.9695 11.1908 -46.3282 0.8738 0.6987 -0.2383
-2.4046 7.7328 -43.8779 0.8325 0.7407 -0.1594
-0.6412 2.8168 -28.3435 0.8833 0.8457 -0.1509
-1.8244 -1.9618 -7.3511 0.8877 0.8472 -0.1536
-2.0000 -0.3130 -7.9924 0.8665 0.8325 -0.1648
-5.0534 -1.9847 -5.3206 0.8726 0.8499 -0.1863
5.5802 1.7252 -2.0687 0.8679 0.8650 -0.1790
7.1985 1.5115 -1.4351 0.8701 0.8486 -0.1882
5.0763 1.6031 -2.7634 0.8740 0.8442 -0.1851
4.8702 1.7634 -2.6718 0.8799 0.8496 -0.1880
-1 -1 -1 -1 -1 -1
4.0229 1.6489 -1.2519 0.8682 0.8413 -0.1975
2.0382 1.7786 -1.1450 0.8726 0.8396 -0.1882
-1 -1 -1 -1 -1 -1
-1 -1 -1 -1 -1 -1
-1 -1 -1 -1 -1 -1
-1 -1 -1 -1 -1 -1
-1 -1 -1 -1 -1 -1
-1 -1 -1 -1 -1 -1
-1 -1 -1 -1 -1 -1
-1 -1 -1 -1 -1 -1
-1 -1 -1 -1 -1 -1
-1 -1 -1 -1 -1 -1
-1 -1 -1 -1 -1 -1
-1 -1 -1 -1 -1 -1
19.5191 3.7481 6.1603 0.8823 0.8186 -0.1699
-4.2137 12.9618 17.9313 0.8521 0.7815 -0.2756
-1 -1 -1 -1 -1 -1
9.0992 15.4733 34.4733 0.8579 0.7998 -0.0483
-0.9618 -7.6260 81.4428 0.8437 0.6780 -0.0762
14.4198 40.6336 57.6870 0.8616 0.3667 -0.1387
30.0611 148.8626 -20.3588 0.9209 0.2712 -0.0693
155.5572 111.3893 -119.6947 0.9536 0.9836 -1.3633
120.2443 -173.4427 0.0382 0.7815 0.2864 -0.8689
-2.2366 -169.1756 49.7634 0.9888 0.8496 0.7295
-49.6718 -71.7634 -17.8931 0.8940 0.6887 0.5640
-24.6794 41.1298 -0.8321 0.6128 1.0081 -0.4033
-1 -1 -1 -1 -1 -1
-13.4198 9.8244 -7.2290 0.8596 0.6501 -0.1792
6.5573 9.2748 -10.9008 0.8250 0.6758 -0.1780
34.4809 13.1756 -22.5191 0.9275 0.7791 -0.2036
11.2977 7.3893 -12.6718 0.9082 0.7349 -0.1492
0.2824 8.3969 -8.8550 0.8684 0.7141 -0.1787
8.5038 4.7099 -16.9313 0.8723 0.7603 -0.1533
8.0687 4.0611 -17.1603 0.8940 0.7671 -0.1516
-1 -1 -1 -1 -1 -1
0.7328 2.6260 -2.2290 0.8789 0.8401 -0.1682
-1 -1 -1 -1 -1 -1
-1 -1 -1 -1 -1 -1
-1 -1 -1 -1 -1 -1
-1 -1 -1 -1 -1 -1
-1 -1 -1 -1 -1 -1
-0.3740 3.6870 -1.0763 0.8826 0.8213 -0.1550
-1 -1 -1 -1 -1 -1
-1 -1 -1 -1 -1 -1
-1 -1 -1 -1 -1 -1
-1 -1 -1 -1 -1 -1
-1 -1 -1 -1 -1 -1
-1 -1 -1 -1 -1 -1
-1 -1 -1 -1 -1 -1
-1 -1 -1 -1 -1 -1
-1 -1 -1 -1 -1 -1
-1 -1 -1 -1 -1 -1
-1 -1 -1 -1 -1 -1
-1 -1 -1 -1 -1 -1
-1 -1 -1 -1 -1 -1
-1 -1 -1 -1 -1 -1
-1 -1 -1 -1 -1 -1
-1 -1 -1 -1 -1 -1
-1 -1 -1 -1 -1 -1
-1 -1 -1 -1 -1 -1
88.2519 -6.0076 23.5496 0.9512 0.5762 0.0610
-25.9008 19.6336 23.0153 0.9285 1.0200 0.3479
35.8168 86.4198 -52.1298 0.9172 0.7395 0.3374
-77.2137 124.0611 -61.4122 0.7393 0.5850 0.4500
-79.7939 124.7252 10.5802 0.8960 0.6191 -0.1055
-1 -1 -1 -1 -1 -1
2.3511 -187.3588 47.7557 1.9563 1.6406 0.3655
-28.5191 -52.1756 -24.2137 0.9763 0.5354 -0.1050
2.6718 -28.7176 -61.4504 0.8540 0.5710 -0.0427
0.9008 -32.6412 -57.0305 0.8657 0.8821 -0.0237
11.0992 -20.9008 -12.2748 0.8892 0.8699 -0.2112
18.1832 -7.6412 -17.4122 0.9038 0.8667 -0.1868
8.9237 -2.5115 -7.0534 0.8823 0.8865 -0.1697
10.9466 0.9695 -9.6718 0.8940 0.8535 -0.1521
3.3206 -0.4275 -4.2290 0.8696 0.8613 -0.2026
2.3740 0.4504 -4.9084 0.8677 0.8745 -0.2095
2.5878 0.8473 -4.3511 0.8687 0.8826 -0.2048
2.6870 1.1603 -4.1374 0.8765 0.8774 -0.2017
2.0153 1.8626 -4.6718 0.8867 0.8843 -0.2263
0.5878 2.4198 -4.9008 0.8777 0.8916 -0.2178
-1.3359 1.8321 -3.1756 0.8730 0.8879 -0.2126
-1 -1 -1 -1 -1 -1
-1 -1 -1 -1 -1 -1
-1 -1 -1 -1 -1 -1
-1 -1 -1 -1 -1 -1
-1 -1 -1 -1 -1 -1
-1 -1 -1 -1 -1 -1
-1 -1 -1 -1 -1 -1
-1 -1 -1 -1 -1 -1
-1 -1 -1 -1 -1 -1
-1 -1 -1 -1 -1 -1
-1 -1 -1 -1 -1 -1
-1 -1 -1 -1 -1 -1
-1 -1 -1 -1 -1 -1
-1 -1 -1 -1 -1 -1
-1 -1 -1 -1 -1 -1
-1 -1 -1 -1 -1 -1
-1 -1 -1 -1 -1 -1
-1 -1 -1 -1 -1 -1
-1 -1 -1 -1 -1 -1
-1 -1 -1 -1 -1 -1
-7.4427 5.8321 8.8779 0.8828 0.8374 -0.2021
16.9160 30.5878 22.7176 0.8865 0.8179 -0.2061
-4.8702 -15.3359 95.6107 0.8376 0.7390 -0.1484
4.3130 11.2748 73.1756 0.8916 0.5491 -0.1987
10.9237 88.5954 44.2748 0.8594 0.3440 -0.1843
21.8931 173.3053 -61.0687 1.1953 0.5271 0.0193
-48.0763 64.5344 -53.5573 0.6729 0.1936 -1.5117
219.5802 -185.9924 38.9237 1.3005 0.8796 -0.2085
-111.4428 -143.4275 7.6565 0.8098 0.6670 0.8521
-26.0611 -24.1145 -56.0229 1.1042 0.6838 0.8335
-52.1374 -19.7863 -15.0992 0.9651 0.0764 -1.1765
27.8168 10.5115 -42.8855 0.8838 0.6643 -0.2769
8.2672 13.4046 -43.0687 0.8452 0.9250 -0.2583
6.0229 5.1450 -17.6031 0.8857 0.8818 -0.2671
11.6336 4.9695 -2.2290 0.8687 0.8848 -0.2402
2.5496 5.2137 0.3206 0.8601 0.8552 -0.2571
2.6412 4.9084 -3.4962 0.8628 0.8425 -0.2229
1.7710 4.4962 -4.7252 0.8701 0.8623 -0.2241
1.3588 4.4656 -4.5649 0.8711 0.8652 -0.2144
1.3893 3.8550 -4.2595 0.8755 0.8621 -0.2131
3.1603 3.7176 -4.8702 0.8694 0.8718 -0.2158
-1 -1 -1 -1 -1 -1
-1 -1 -1 -1 -1 -1
-1 -1 -1 -1 -1 -1
-1 -1 -1 -1 -1 -1
-1 -1 -1 -1 -1 -1
-1 -1 -1 -1 -1 -1
-1 -1 -1 -1 -1 -1
-1 -1 -1 -1 -1 -1
-1 -1 -1 -1 -1 -1
-1 -1 -1 -1 -1 -1
-1 -1 -1 -1 -1 -1
-1 -1 -1 -1 -1 -1
-1 -1 -1 -1 -1 -1
-1 -1 -1 -1 -1 -1
-1 -1 -1 -1 -1 -1
-1 -1 -1 -1 -1 -1
-1 -1 -1 -1 -1 -1
-1 -1 -1 -1 -1 -1
-1 -1 -1 -1 -1 -1
-1 -1 -1 -1 -1 -1
-1 -1 -1 -1 -1 -1
-1 -1 -1 -1 -1 -1
-1 -1 -1 -1 -1 -1
250.1298 6.7863 32.3969 1.0562 0.8367 0.1406
-79.0840 79.5573 -7.2137 1.0273 0.8503 0.5056
-2.3282 128.5343 -87.4351 0.9082 0.8704 0.4199
-150.5420 145.9924 -36.7557 1.0730 0.5037 -0.3057
-1 -1 -1 -1 -1 -1
16.0611 -155.7252 59.6870 1.3972 1.2483 0.7290
-29.6412 -73.1756 -17.4885 0.9294 0.4214 -0.0930
-12.5267 -30.9237 -49.0229 0.8379 0.5579 -0.1013
5.0000 -12.0000 -37.1756 0.8347 0.7109 -0.1860
-1.1756 -4.5115 -27.0153 0.8711 0.7175 -0.1228
7.0305 -7.0534 -15.5267 0.9668 0.7249 -0.1287
8.0382 0.8702 -29.4504 0.8606 0.7603 -0.0793
-2.8321 1.8244 -24.2672 0.8889 0.8137 -0.1338
0.0687 0.4122 -8.8397 0.8796 0.8518 -0.1335
-5.2595 -1.5496 -6.9237 0.8735 0.8589 -0.1526
1.7863 -0.7176 -0.8244 0.8784 0.8630 -0.1401
2.2519 1.0153 -1.8015 0.8809 0.8501 -0.1555
8.9924 2.3664 -1.2595 0.8818 0.8542 -0.1772
-1 -1 -1 -1 -1 -1
2.0687 0.2672 -4.6107 0.8806 0.8572 -0.1633
0.4351 0.0076 -4.4962 0.8813 0.8604 -0.1719
2.7481 1.5496 -3.3435 0.8806 0.8655 -0.1733
3.1908 2.8244 -3.8779 0.8757 0.8608 -0.1780
3.1985 2.7252 -3.7710 0.8762 0.8623 -0.1760
-1 -1 -1 -1 -1 -1
-1 -1 -1 -1 -1 -1
-1 -1 -1 -1 -1 -1
-1 -1 -1 -1 -1 -1
-1 -1 -1 -1 -1 -1
-1 -1 -1 -1 -1 -1
-1 -1 -1 -1 -1 -1
-1 -1 -1 -1 -1 -1
-1 -1 -1 -1 -1 -1
-1 -1 -1 -1 -1 -1
-1 -1 -1 -1 -1 -1
-1 -1 -1 -1 -1 -1
-1 -1 -1 -1 -1 -1
-1 -1 -1 -1 -1 -1
-1 -1 -1 -1 -1 -1
-1 -1 -1 -1 -1 -1
-1 -1 -1 -1 -1 -1
-1 -1 -1 -1 -1 -1
-1 -1 -1 -1 -1 -1
-1 -1 -1 -1 -1 -1
6.4046 1.3359 16.5267 0.8638 0.8372 -0.1399
9.4427 10.1069 12.1679 0.8914 0.7615 -0.1799
2.0382 19.6565 16.8168 0.8752 0.7417 -0.1284
4.4962 -9.5115 63.1450 0.8271 0.6768 -0.0820
12.7328 18.5267 61.3511 0.8437 0.4551 -0.1978
22.1908 112.6870 17.4351 0.8801 0.3127 -0.1284
43.7481 165.4962 -105.0458 1.3728 0.5918 -0.0042
-183.2061 -92.5573 -57.0000 0.4233 0.2917 -1.6863
136.4427 -170.1985 75.0305 1.0952 0.8530 0.2031
-110.8244 -118.7176 -22.9237 0.9006 0.8420 0.4648
-16.0840 5.1832 -124.7939 1.0466 0.8789 1.0488
8.0840 17.0458 -27.6641 0.8276 0.6284 -0.5852
16.7786 15.0840 -29.9084 0.9431 0.8467 -0.2078
-1 -1 -1 -1 -1 -1
-7.9237 5.7939 11.5496 0.8896 0.8674 -0.1963
15.0534 -0.2977 -4.2443 0.8779 0.7759 -0.2375
7.5725 2.3740 -4.8855 0.8545 0.8313 -0.2527
-1 -1 -1 -1 -1 -1
8.8855 3.1374 -7.2595 0.8740 0.8269 -0.2341
4.8321 3.2901 -4.4122 0.8628 0.8667 -0.2510
7.6718 4.2290 -3.4733 0.8770 0.8330 -0.2334
-1 -1 -1 -1 -1 -1
-1 -1 -1 -1 -1 -1
-1 -1 -1 -1 -1 -1
-1 -1 -1 -1 -1 -1
-1 -1 -1 -1 -1 -1
-1 -1 -1 -1 -1 -1
-1 -1 -1 -1 -1 -1
-1 -1 -1 -1 -1 -1
-1 -1 -1 -1 -1 -1
-1 -1 -1 -1 -1 -1
-1 -1 -1 -1 -1 -1
-1 -1 -1 -1 -1 -1
-1 -1 -1 -1 -1 -1
-1 -1 -1 -1 -1 -1
-1 -1 -1 -1 -1 -1
-1 -1 -1 -1 -1 -1
-1 -1 -1 -1 -1 -1
-1 -1 -1 -1 -1 -1
-1 -1 -1 -1 -1 -1
-1 -1 -1 -1 -1 -1
-1 -1 -1 -1 -1 -1
-1 -1 -1 -1 -1 -1
-1 -1 -1 -1 -1 -1
-0.8855 -3.5267 26.5420 0.8503 0.8091 -0.2354
1.6718 -13.7710 50.6718 0.8564 0.6594 -0.1116
100.7939 26.7557 8.9847 1.0066 0.6445 0.6694
-0.6031 89.8855 -13.6031 1.0002 0.6475 0.5344
11.0992 130.1908 -56.4275 0.8352 0.8027 0.5347
-85.9771 139.2672 -54.4122 1.0454 0.6162 -0.2996
-128.0382 -42.1450 72.9542 0.4497 0.8179 -1.0898
-48.3053 -159.6488 105.4962 1.1262 0.4478 0.3477
-45.1145 -55.8779 -7.4046 1.1902 0.7092 -0.2087
-21.0000 -26.4656 -36.7786 0.8240 0.4382 -0.0264
4.9924 -19.7405 -33.8168 0.8965 0.6414 -0.1921
4.5802 11.3053 -49.2443 1.1687 0.5613 0.8000
12.5191 3.2443 -31.7557 0.8489 0.7827 -0.1814
1.8779 3.7176 -26.5573 0.8752 0.7971 -0.1785
2.9160 2.2366 -26.1450 0.8640 0.8662 -0.1580
-5.4504 -3.3053 -9.2672 0.8850 0.8862 -0.1887
0.7863 -1.5344 -4.1832 0.8638 0.8792 -0.2061
-1.9771 -0.2061 -3.9389 0.8716 0.8843 -0.2095
-1 -1 -1 -1 -1 -1
0.2901 3.1985 -4.5267 0.8735 0.8950 -0.2058
-1 -1 -1 -1 -1 -1
-1 -1 -1 -1 -1 -1
-1 -1 -1 -1 -1 -1
-1 -1 -1 -1 -1 -1
-1 -1 -1 -1 -1 -1
-1 -1 -1 -1 -1 -1
-1 -1 -1 -1 -1 -1
-1 -1 -1 -1 -1 -1
-1 -1 -1 -1 -1 -1
-1 -1 -1 -1 -1 -1
-1 -1 -1 -1 -1 -1
-1 -1 -1 -1 -1 -1
-1 -1 -1 -1 -1 -1
-1 -1 -1 -1 -1 -1
-1 -1 -1 -1 -1 -1
-1 -1 -1 -1 -1 -1
-1 -1 -1 -1 -1 -1
-1 -1 -1 -1 -1 -1
-1 -1 -1 -1 -1 -1
-1 -1 -1 -1 -1 -1
-1 -1 -1 -1 -1 -1
-1 -1 -1 -1 -1 -1
9.7252 8.3435 2.3359 0.8643 0.8550 -0.2185
3.0458 22.7481 11.7939 0.8760 0.8452 -0.1787
-1.6336 -0.0687 73.2901 0.9055 0.9385 0.0378
2.7634 -3.3206 55.0076 0.9341 0.6609 -0.1890
-4.6260 44.1298 56.0153 0.8337 0.4707 -0.1611
25.0763 108.9924 8.7939 0.8723 0.3750 -0.1560
33.8092 162.8931 -86.4733 1.2256 0.6064 0.0313
-79.5191 -27.1221 12.4427 1.3149 0.5818 -0.9402
140.8473 -152.4962 53.2061 1.0952 0.7893 0.4021
-106.5725 -105.1985 -30.2443 0.9124 0.5945 0.4968
-63.9313 -21.1908 -76.2595 1.0173 0.6755 0.5093
-8.2137 15.5191 -23.6870 0.7896 0.8999 -0.1970
23.8092 16.3206 -16.7786 0.8154 0.7859 -0.1584
14.4656 10.1450 -15.8244 0.8704 0.6531 -0.2144
9.1374 5.8473 -24.6947 0.8657 0.7053 -0.1858
-3.0840 6.8168 -14.7634 0.8787 0.7991 -0.2053
0.7328 4.2366 -15.7863 0.8877 0.8108 -0.1797
-2.2137 2.8779 -12.9847 0.8801 0.8313 -0.2112
1.3969 3.5878 -8.6565 0.8706 0.8584 -0.1987
1.9313 3.9771 -3.5878 0.8733 0.8511 -0.1997
0.2519 5.6947 -4.0916 0.8735 0.8650 -0.1968
-1 -1 -1 -1 -1 -1
-1 -1 -1 -1 -1 -1
-1 -1 -1 -1 -1 -1
-1 -1 -1 -1 -1 -1
-1 -1 -1 -1 -1 -1
-1 -1 -1 -1 -1 -1
-1 -1 -1 -1 -1 -1
-1 -1 -1 -1 -1 -1
-1 -1 -1 -1 -1 -1
-1 -1 -1 -1 -1 -1
-1 -1 -1 -1 -1 -1
-1 -1 -1 -1 -1 -1
-1 -1 -1 -1 -1 -1
-1 -1 -1 -1 -1 -1
-1 -1 -1 -1 -1 -1
-1 -1 -1 -1 -1 -1
-1 -1 -1 -1 -1 -1
-1 -1 -1 -1 -1 -1
-1 -1 -1 -1 -1 -1
-1 -1 -1 -1 -1 -1
-1 -1 -1 -1 -1 -1
-1 -1 -1 -1 -1 -1
-1 -1 -1 -1 -1 -1
-1 -1 -1 -1 -1 -1
-1 -1 -1 -1 -1 -1
-1 -1 -1 -1 -1 -1
10.7099 -5.0305 11.3664 0.8755 0.8025 -0.2129
249.0840 -4.9695 28.8168 1.0771 0.3677 0.2405
-36.5649 78.3130 24.4580 0.9939 0.9050 0.6494
5.1374 142.7863 -55.1450 0.9421 0.8220 0.2412
-49.1527 119.6641 -21.8931 0.9309 0.4482 -0.2813
-132.4275 -20.8015 81.4886 0.5046 1.3037 -0.8701
14.2443 -160.7405 20.9771 0.9446 0.7725 -0.2773
-40.2214 -56.6107 -12.3511 0.9248 0.5603 -0.1665
-3.2595 -19.4427 -31.2977 0.8186 0.5300 -0.0757
7.3740 -13.9924 -29.8015 0.8545 0.6492 -0.1265
1.6718 -12.0382 -29.8931 0.9609 0.6638 -0.0984
7.7252 1.7023 -27.4122 0.8618 0.7847 -0.2581
-1.9542 3.6489 -22.9389 0.8586 0.7629 -0.1726
3.5496 -1.4733 -14.5344 0.8423 0.8152 -0.1963
-1 -1 -1 -1 -1 -1
3.5496 0.0382 -3.2061 0.8779 0.8296 -0.1897
3.1145 1.2672 -5.4733 0.8733 0.8325 -0.1987
2.2137 1.3282 -6.0534 0.8682 0.8337 -0.1895
2.5191 1.4656 -5.3893 0.8787 0.8408 -0.2053
2.0992 2.2061 -5.8397 0.8721 0.8469 -0.2053
-1 -1 -1 -1 -1 -1
-1 -1 -1 -1 -1 -1
-1 -1 -1 -1 -1 -1
-1 -1 -1 -1 -1 -1
-1 -1 -1 -1 -1 -1
-1 -1 -1 -1 -1 -1
-1 -1 -1 -1 -1 -1
-1 -1 -1 -1 -1 -1
-1 -1 -1 -1 -1 -1
-1 -1 -1 -1 -1 -1
-1 -1 -1 -1 -1 -1
-1 -1 -1 -1 -1 -1
-1 -1 -1 -1 -1 -1
-1 -1 -1 -1 -1 -1
-1 -1 -1 -1 -1 -1
-1 -1 -1 -1 -1 -1
-1 -1 -1 -1 -1 -1
-1 -1 -1 -1 -1 -1
-1 -1 -1 -1 -1 -1
-1 -1 -1 -1 -1 -1
-1 -1 -1 -1 -1 -1
-1 -1 -1 -1 -1 -1
-1 -1 -1 -1 -1 -1
-1 -1 -1 -1 -1 -1
-1 -1 -1 -1 -1 -1
-1 -1 -1 -1 -1 -1
-1 -1 -1 -1 -1 -1
-1 -1 -1 -1 -1 -1
-1 -1 -1 -1 -1 -1
-1 -1 -1 -1 -1 -1
-1 -1 -1 -1 -1 -1
-1 -1 -1 -1 -1 -1
-1 -1 -1 -1 -1 -1
-1 -1 -1 -1 -1 -1
-1 -1 -1 -1 -1 -1
4.2901 12.3511 8.0916 0.8848 0.8201 -0.2065
1.0000 21.9924 32.7863 0.9155 0.8845 -0.1682
-2.8473 -14.5878 98.0305 0.8403 0.7280 -0.0476
9.4733 14.0382 75.7634 0.8076 0.4290 -0.1172
25.7710 64.7405 35.8931 0.7998 0.3281 -0.1868
12.4809 166.7176 -29.0229 0.8687 0.2947 -0.0818
27.9237 77.6412 -71.5191 0.9834 0.7388 -1.2788
-1 -1 -1 -1 -1 -1
-61.5496 -187.9313 -8.8397 0.9131 0.5474 0.4263
-37.2366 -36.1450 -109.3511 0.9290 0.5803 0.7805
-59.6641 13.5191 -10.0687 0.8906 -1.1462 -0.5518
12.9847 22.1527 -44.0534 0.8320 0.6973 -0.3799
7.6718 10.8702 -24.2290 0.8477 0.8188 -0.2734
0.4122 10.2366 -10.8092 0.8733 0.7971 -0.2119
-0.9771 10.0305 -14.1908 0.8765 0.8413 -0.2009
-1 -1 -1 -1 -1 -1
1.0458 5.0687 -2.0000 0.8762 0.8411 -0.1978
-1 -1 -1 -1 -1 -1
-1 -1 -1 -1 -1 -1
-1 -1 -1 -1 -1 -1
-1 -1 -1 -1 -1 -1
-1 -1 -1 -1 -1 -1
-1 -1 -1 -1 -1 -1
-1 -1 -1 -1 -1 -1
-1 -1 -1 -1 -1 -1
-1 -1 -1 -1 -1 -1
-1 -1 -1 -1 -1 -1
-1 -1 -1 -1 -1 -1
-1 -1 -1 -1 -1 -1
-1 -1 -1 -1 -1 -1
-1 -1 -1 -1 -1 -1
-1 -1 -1 -1 -1 -1
-1 -1 -1 -1 -1 -1
-1 -1 -1 -1 -1 -1
-1 -1 -1 -1 -1 -1
-1 -1 -1 -1 -1 -1
-1 -1 -1 -1 -1 -1
-1 -1 -1 -1 -1 -1
-1 -1 -1 -1 -1 -1
-1 -1 -1 -1 -1 -1
-1 -1 -1 -1 -1 -1
-1 -1 -1 -1 -1 -1
-1 -1 -1 -1 -1 -1
-1 -1 -1 -1 -1 -1
-1 -1 -1 -1 -1 -1
8.1679 -10.0916 52.0458 0.9250 0.7922 -0.0947
238.3359 19.9771 21.8855 1.0781 1.2815 0.4849
-64.4198 103.3435 -19.3817 0.9663 0.9321 0.5066
-14.2519 123.8473 -100.1832 0.9121 0.7771 0.3765
-73.5954 116.4657 5.3053 0.6958 0.2988 -0.2036
-125.3130 -30.5420 103.7557 0.5581 1.0332 -0.6880
-12.7634 -152.3969 47.9847 1.7014 1.5100 0.8337
-8.4885 -68.0000 -34.9160 1.0596 0.5686 0.0405
-12.2595 -20.4962 -52.3817 0.8782 0.5447 0.0403
9.0534 -21.7099 -39.7099 0.8613 0.7698 -0.1750
-18.5573 -14.6947 -18.2366 0.8989 0.7754 -0.1282
-8.6565 -3.7786 -20.0000 0.9133 0.8193 -0.1399
5.8015 3.3740 -26.5344 0.8704 0.8440 -0.1572
-0.6412 2.3130 -17.6031 0.8767 0.8655 -0.1707
-1.0153 -1.1145 -4.9924 0.8811 0.8943 -0.1750
2.9695 1.7786 -6.7176 0.8794 0.8838 -0.1855
3.8931 1.6641 -5.0840 0.8792 0.9016 -0.1907
7.0382 1.3664 -1.5802 0.8716 0.8965 -0.1868
3.6565 1.9466 -1.5725 0.8755 0.8884 -0.1943
2.2824 3.6260 -6.8702 0.8718 0.8989 -0.1926
1.9695 3.3511 -4.8626 0.8708 0.9077 -0.1921
1.5267 2.4733 -3.2443 0.8760 0.9062 -0.1958
-1 -1 -1 -1 -1 -1
-1 -1 -1 -1 -1 -1
-1 -1 -1 -1 -1 -1
-1 -1 -1 -1 -1 -1
-1 -1 -1 -1 -1 -1
-1 -1 -1 -1 -1 -1
-1 -1 -1 -1 -1 -1
-1 -1 -1 -1 -1 -1
-1 -1 -1 -1 -1 -1
-1 -1 -1 -1 -1 -1
-1 -1 -1 -1 -1 -1
-1 -1 -1 -1 -1 -1
-1 -1 -1 -1 -1 -1
-1 -1 -1 -1 -1 -1
-1 -1 -1 -1 -1 -1
-1 -1 -1 -1 -1 -1
-1 -1 -1 -1 -1 -1
-1 -1 -1 -1 -1 -1
-1 -1 -1 -1 -1 -1
-1 -1 -1 -1 -1 -1
-1 -1 -1 -1 -1 -1
-1 -1 -1 -1 -1 -1
-1 -1 -1 -1 -1 -1
4.3664 3.7863 3.4733 0.8811 0.8652 -0.1802
-1 -1 -1 -1 -1 -1
-14.7710 6.8015 37.1221 0.8772 0.8684 -0.2507
-4.0000 31.6260 20.2595 0.8940 0.7361 -0.1604
5.7023 -2.2748 70.1069 0.8420 0.7107 -0.0339
20.7023 3.3588 70.2748 0.7224 0.3560 -0.2183
17.6107 91.7099 29.5649 0.8437 0.3013 -0.2454
42.9160 172.2824 -73.8779 1.3613 0.6013 0.0862
-177.9618 -31.0840 51.2061 0.7351 0.0942 -1.1829
16.5725 -175.3817 9.9084 0.9294 0.7039 0.1804
7.0153 -116.0534 -106.8015 0.9812 0.4390 0.9250
44.8015 -28.9084 -56.9389 1.0122 0.4753 0.5190
-8.2824 5.3969 -32.3282 0.6438 0.9612 -0.4561
7.1221 15.4351 -42.6870 0.8760 0.8140 -0.1648
2.9618 24.5344 -19.9847 0.8472 0.7830 -0.2695
-2.3588 9.2214 -1.3664 0.8723 0.8406 -0.1685
4.8397 4.9313 -2.0458 0.8674 0.8491 -0.1726
-0.4351 2.4580 -3.4504 0.8699 0.8308 -0.1885
-1 -1 -1 -1 -1 -1
12.9618 0.6260 -2.1527 0.8752 0.8372 -0.1860
3.2290 2.7328 -4.0000 0.8711 0.8315 -0.1833
-1 -1 -1 -1 -1 -1
-1 -1 -1 -1 -1 -1
-1 -1 -1 -1 -1 -1
-1 -1 -1 -1 -1 -1
2.2290 2.4580 -3.1756 0.8740 0.8257 -0.1865
3.1756 2.5496 -2.8855 0.8721 0.8450 -0.1853
-1 -1 -1 -1 -1 -1
-1 -1 -1 -1 -1 -1
-1 -1 -1 -1 -1 -1
-1 -1 -1 -1 -1 -1
-1 -1 -1 -1 -1 -1
-1 -1 -1 -1 -1 -1
-1 -1 -1 -1 -1 -1
-1 -1 -1 -1 -1 -1
-1 -1 -1 -1 -1 -1
-1 -1 -1 -1 -1 -1
-1 -1 -1 -1 -1 -1
12.2366 -8.1756 40.8626 0.9043 0.7224 -0.1553
227.9237 5.8397 15.7557 0.9731 0.9609 0.1643
-44.7328 68.1069 -2.7252 1.0022 0.8765 0.6418
-7.1985 117.6641 -67.5802 1.0371 0.7329 0.2539
-76.8092 119.1374 -25.0076 0.8416 0.5198 -0.0344
-134.1985 8.6641 77.1298 0.6204 0.7290 -0.6846
64.7252 -159.7023 30.8015 1.4321 1.0398 0.0220
-22.0611 -57.5878 -29.7481 1.0134 0.5081 0.0740
-8.2366 -25.1527 -42.0534 0.8552 0.6592 -0.0081
4.4275 -31.4122 -19.7863 0.8794 0.7383 -0.1194
-8.8855 -14.7863 -9.4427 0.9746 0.7109 -0.1379
13.6718 -2.4122 -27.1450 0.8757 0.7874 -0.1519
2.3969 -0.2824 -16.2977 0.8601 0.7720 -0.1721
2.5115 1.1450 -12.8473 0.8799 0.8452 -0.1956
-1 -1 -1 -1 -1 -1
1.3740 -1.2366 -3.3053 0.8689 0.8445 -0.1902
4.0840 1.4580 -5.2519 0.8740 0.8396 -0.1895
5.2519 2.4275 -4.7176 0.8728 0.8506 -0.1960
3.1603 3.4198 -2.4733 0.8708 0.8462 -0.2090
-0.3435 4.6947 -5.1832 0.8757 0.8481 -0.2083
-1 -1 -1 -1 -1 -1
-1 -1 -1 -1 -1 -1
-1 -1 -1 -1 -1 -1
-1 -1 -1 -1 -1 -1
-1 -1 -1 -1 -1 -1
-1 -1 -1 -1 -1 -1
-1 -1 -1 -1 -1 -1
-1 -1 -1 -1 -1 -1
-1 -1 -1 -1 -1 -1
-1 -1 -1 -1 -1 -1
-1 -1 -1 -1 -1 -1
-1 -1 -1 -1 -1 -1
-1 -1 -1 -1 -1 -1
-1 -1 -1 -1 -1 -1
-1 -1 -1 -1 -1 -1
-1 -1 -1 -1 -1 -1
-1 -1 -1 -1 -1 -1
-1 -1 -1 -1 -1 -1
-1 -1 -1 -1 -1 -1
-1 -1 -1 -1 -1 -1
-5.3130 8.8015 22.4351 0.8718 0.8911 -0.1868
-1 -1 -1 -1 -1 -1
3.3511 -7.1145 76.9618 0.8606 0.6260 -0.0830
9.9542 16.9313 55.0000 0.8611 0.4246 -0.1719
17.1603 83.1069 20.5802 0.9128 0.3452 -0.1335
23.9313 164.5878 -61.6565 1.3108 0.6870 -0.0349
-23.7863 -13.8473 -5.2901 0.5342 -0.4309 -1.2249
19.3740 -182.4962 34.2901 1.0757 0.6904 0.0022
-79.3130 -100.4275 -43.8702 0.9226 0.3562 0.6924
-27.1450 6.2366 -77.7023 0.8860 0.5271 0.5593
14.3588 5.1069 -33.9847 0.8523 0.5742 -0.2463
13.0000 18.3206 -41.6718 0.8691 0.8149 -0.1689
7.3664 11.2901 -22.5573 0.8430 0.8750 -0.2439
-1 -1 -1 -1 -1 -1
-2.0687 5.4885 -4.1603 0.8701 0.8547 -0.2141
1.5878 5.6641 -1.8855 0.8689 0.8562 -0.2080
1.6107 4.6412 -3.9924 0.8828 0.8523 -0.1982
0.6641 3.0763 -3.7710 0.8767 0.8652 -0.1941
-1 -1 -1 -1 -1 -1
-1 -1 -1 -1 -1 -1
-1 -1 -1 -1 -1 -1
-1 -1 -1 -1 -1 -1
-1 -1 -1 -1 -1 -1
-1 -1 -1 -1 -1 -1
-1 -1 -1 -1 -1 -1
-1 -1 -1 -1 -1 -1
-1 -1 -1 -1 -1 -1
-1 -1 -1 -1 -1 -1
-1 -1 -1 -1 -1 -1
-1 -1 -1 -1 -1 -1
-1 -1 -1 -1 -1 -1
-1 -1 -1 -1 -1 -1
-1 -1 -1 -1 -1 -1
-1 -1 -1 -1 -1 -1
-1 -1 -1 -1 -1 -1
-1 -1 -1 -1 -1 -1
-1 -1 -1 -1 -1 -1
-1 -1 -1 -1 -1 -1
-1 -1 -1 -1 -1 -1
-1 -1 -1 -1 -1 -1
14.6260 -10.6870 35.4351 0.8594 0.7473 -0.1667
150.3130 19.2443 13.8702 1.0449 1.2014 0.4021
-0.3893 82.5267 -9.6718 0.9976 0.6067 0.4507
46.1908 101.2366 -50.7405 0.9351 0.7786 0.4585
-70.8931 137.5802 -60.2290 0.9065 0.7356 0.0554
-160.9924 29.3511 58.8855 0.5771 0.4827 -0.7129
154.0611 -166.2214 -16.7328 1.4160 1.9999 -0.0649
-16.0687 -128.5420 -21.5038 -0.1294 1.0532 -1.9285
-23.6336 -25.8244 -31.0229 0.8254 0.5049 0.0188
12.0763 -9.3282 -50.4656 0.8850 0.6616 -0.1140
12.4885 -7.1603 -39.9008 0.8792 0.7480 -0.0747
-1.7557 -13.2519 -17.0840 0.8982 0.7639 -0.0186
-4.3206 5.8397 -23.0916 0.8516 0.7734 -0.1001
-13.1221 -2.7405 -19.1527 0.8762 0.8210 -0.1345
2.1298 1.5954 -9.5802 0.8640 0.8787 -0.1538
-0.1985 -0.6412 -7.3893 0.8748 0.8870 -0.1665
2.0076 0.3969 -4.0305 0.8735 0.8914 -0.1501
1.3969 0.5344 -1.2672 0.8757 0.8931 -0.1667
2.3053 1.1374 -1.8779 0.8743 0.8884 -0.1680
-1 -1 -1 -1 -1 -1
-1 -1 -1 -1 -1 -1
-1 -1 -1 -1 -1 -1
1.4504 2.0534 -4.4809 0.8792 0.8914 -0.1785
-1 -1 -1 -1 -1 -1
-1 -1 -1 -1 -1 -1
1.3969 2.1832 -2.7405 0.8826 0.8965 -0.1729
-1 -1 -1 -1 -1 -1
-1 -1 -1 -1 -1 -1
-1 -1 -1 -1 -1 -1
-1 -1 -1 -1 -1 -1
-1 -1 -1 -1 -1 -1
-1 -1 -1 -1 -1 -1
-1 -1 -1 -1 -1 -1
-1 -1 -1 -1 -1 -1
-1 -1 -1 -1 -1 -1
-1 -1 -1 -1 -1 -1
-1 -1 -1 -1 -1 -1
-1 -1 -1 -1 -1 -1
-1 -1 -1 -1 -1 -1
-1 -1 -1 -1 -1 -1
-1 -1 -1 -1 -1 -1
-1 -1 -1 -1 -1 -1
-1 -1 -1 -1 -1 -1
-1 -1 -1 -1 -1 -1
-1 -1 -1 -1 -1 -1
10.5267 8.1985 22.4580 0.8738 0.8079 -0.1882
0.9847 23.3282 13.4427 0.9131 0.7961 -0.1521
3.6641 17.7176 36.5878 0.8689 0.7498 -0.1003
5.2977 -10.7863 80.6107 0.8203 0.6187 -0.0732
18.4046 26.6565 61.9084 0.8201 0.4133 -0.0906
33.3740 143.8550 -11.0305 0.8611 0.2317 -0.0569
68.8244 122.4428 -122.8702 1.1255 0.8496 -0.3459
54.7252 -130.5725 59.7557 1.1243 0.1196 -0.5710
-40.6260 -179.9466 80.5344 0.9829 1.0964 0.3618
-0.4122 -87.8931 -77.8626 0.9167 0.6040 0.9912
-164.2748 58.7710 -2.5573 1.1487 -0.6365 1.8538
-23.8550 18.1985 -33.0153 0.8896 1.0042 -0.5637
-1 -1 -1 -1 -1 -1
3.1908 18.0763 -13.7176 0.8350 0.7576 -0.2480
-1.2901 9.9466 -16.8855 0.8865 0.7715 -0.1809
0.4962 8.6870 -14.4427 0.8818 0.8137 -0.1721
-1 -1 -1 -1 -1 -1
7.5649 4.2290 -11.5573 0.8918 0.8306 -0.1477
3.4351 4.2290 -2.4122 0.8728 0.8567 -0.1677
2.9008 4.7176 -4.0076 0.8762 0.8420 -0.1582
2.4580 4.3893 -3.4962 0.8811 0.8462 -0.1646
-1 -1 -1 -1 -1 -1
-1 -1 -1 -1 -1 -1
-1 -1 -1 -1 -1 -1
-1 -1 -1 -1 -1 -1
-1 -1 -1 -1 -1 -1
-1 -1 -1 -1 -1 -1
-1 -1 -1 -1 -1 -1
-1 -1 -1 -1 -1 -1
-1 -1 -1 -1 -1 -1
-1 -1 -1 -1 -1 -1
-1 -1 -1 -1 -1 -1
-1 -1 -1 -1 -1 -1
-1 -1 -1 -1 -1 -1
-1 -1 -1 -1 -1 -1
-1 -1 -1 -1 -1 -1
-1 -1 -1 -1 -1 -1
-1 -1 -1 -1 -1 -1
-1 -1 -1 -1 -1 -1
-1 -1 -1 -1 -1 -1
-1 -1 -1 -1 -1 -1
-1 -1 -1 -1 -1 -1
-1 -1 -1 -1 -1 -1
195.8779 -10.6947 25.8244 0.9758 0.3040 0.1091
-20.0992 42.8092 42.6947 1.0017 0.8757 0.6382
29.8321 126.0840 -43.2443 0.8699 0.7053 0.4180
-16.5725 145.5420 -74.6412 0.9233 0.8220 0.2422
-163.8855 55.4580 57.5649 0.6184 0.6365 -0.5872
67.9695 -150.6794 39.9542 1.4021 0.9956 0.2969
-27.5038 -105.0382 -8.4198 1.1155 0.4392 0.0823
-11.2977 -25.0992 -50.3359 0.8391 0.4573 -0.0166
23.5802 -21.0000 -67.8092 0.8818 0.6431 -0.1711
4.6870 -22.6489 -35.4046 0.8706 0.9031 -0.1047
0.3435 -3.5344 -18.7481 0.9072 0.7588 -0.1777
-3.2977 -1.2443 -8.5954 0.8960 0.8191 -0.1914
-7.6718 -2.2672 -0.8626 0.8567 0.8474 -0.1858
-2.9771 0.1450 -10.0076 0.8713 0.8455 -0.1846
0.4122 1.3740 -6.0229 0.8777 0.8516 -0.1777
-7.2214 0.1832 -5.3206 0.8838 0.8489 -0.2026
-3.6412 2.2290 -9.3435 0.8774 0.8650 -0.1868
1.0153 2.3359 -5.0076 0.8713 0.8779 -0.1858
1.1756 -0.4198 -2.2977 0.8674 0.8779 -0.1880
3.0840 1.0687 -2.4351 0.8723 0.8789 -0.2012
-1 -1 -1 -1 -1 -1
-1 -1 -1 -1 -1 -1
-1 -1 -1 -1 -1 -1
1.4656 3.0000 -3.8779 0.8730 0.8767 -0.2053
-1 -1 -1 -1 -1 -1
-1 -1 -1 -1 -1 -1
-1 -1 -1 -1 -1 -1
-1 -1 -1 -1 -1 -1
-1 -1 -1 -1 -1 -1
-1 -1 -1 -1 -1 -1
-1 -1 -1 -1 -1 -1
-1 -1 -1 -1 -1 -1
-1 -1 -1 -1 -1 -1
-1 -1 -1 -1 -1 -1
-1 -1 -1 -1 -1 -1
-1 -1 -1 -1 -1 -1
-1 -1 -1 -1 -1 -1
-1 -1 -1 -1 -1 -1
-1 -1 -1 -1 -1 -1
7.0305 9.8092 28.8015 0.8887 0.7786 -0.2173
-0.3359 18.2901 19.8015 0.8831 0.6628 -0.1504
11.3206 10.8321 41.3969 0.8557 0.7046 -0.1252
8.4733 8.0153 66.8321 0.8203 0.5479 -0.1191
16.6641 90.9389 41.8626 0.9705 0.3821 -0.1289
43.6794 142.5038 -95.2595 1.4282 0.6897 -0.0117
-63.9618 -34.9695 18.7099 1.0737 0.1082 -0.9390
4.5878 -178.9389 5.7328 1.1226 0.7151 0.0244
47.2519 -102.4504 -75.7939 0.9285 0.7664 0.6558
-9.9008 -16.2824 -40.7939 1.0754 0.5332 0.6677
-16.5191 11.7634 0.7176 0.9846 0.2319 -0.2849
35.4351 14.3359 -23.2672 0.8362 0.7180 -0.2131
-0.9008 7.1450 -17.6565 0.8757 0.7593 -0.2190
8.4962 10.0840 -22.4885 0.8640 0.8342 -0.1990
-3.2824 7.3282 -12.8855 0.8865 0.8484 -0.1929
-5.0076 5.9771 -9.8092 0.8818 0.8508 -0.1907
-3.9313 3.8702 -6.4504 0.8711 0.8743 -0.1868
-2.8092 1.6336 -9.7099 0.8804 0.8762 -0.1948
-1 -1 -1 -1 -1 -1
-1 -1 -1 -1 -1 -1
-1 -1 -1 -1 -1 -1
-1 -1 -1 -1 -1 -1
-1 -1 -1 -1 -1 -1
-1 -1 -1 -1 -1 -1
-1 -1 -1 -1 -1 -1
-1 -1 -1 -1 -1 -1
-1 -1 -1 -1 -1 -1
-1 -1 -1 -1 -1 -1
-1 -1 -1 -1 -1 -1
-1 -1 -1 -1 -1 -1
-1 -1 -1 -1 -1 -1
-1 -1 -1 -1 -1 -1
-1 -1 -1 -1 -1 -1
-1 -1 -1 -1 -1 -1
-1 -1 -1 -1 -1 -1
-1 -1 -1 -1 -1 -1
-1 -1 -1 -1 -1 -1
-1 -1 -1 -1 -1 -1
-1 -1 -1 -1 -1 -1
-1 -1 -1 -1 -1 -1
-1 -1 -1 -1 -1 -1
-1 -1 -1 -1 -1 -1
7.9084 -3.3740 31.4580 0.8789 0.8271 -0.2075
126.3588 -12.4122 49.3130 1.0583 0.5862 0.1963
7.2366 71.2748 13.7176 0.9890 0.7644 0.7205
-15.5191 132.4046 -53.1908 1.1365 0.7927 0.1885
-38.7863 112.0763 -36.7786 0.6938 0.7297 0.0498
-6.3511 55.5420 21.7023 0.5203 0.5776 -0.1426
189.9160 -102.3206 103.8168 0.8022 -0.7485 -0.0640
-20.4580 -121.9695 18.1756 0.7002 0.4636 -0.2217
-17.9466 -25.4809 -38.0000 0.8333 0.4541 0.1323
9.2595 -26.0840 -50.5267 0.8167 0.6506 -0.0815
4.0153 -18.6183 -30.8779 0.8381 0.7346 -0.1174
-8.3206 -12.6718 -11.6718 0.8694 0.7888 -0.2166
-0.7634 2.8168 -24.6031 0.8840 0.7771 -0.1165
-3.8626 -0.9924 -22.7481 0.8674 0.8267 -0.1516
2.5725 0.0382 -10.8015 0.8713 0.8777 -0.1545
1.2977 -0.6107 -6.5496 0.8838 0.8682 -0.1760
0.2519 -1.2061 -3.8015 0.8777 0.8716 -0.1702
2.8626 0.8931 -4.7023 0.8757 0.8782 -0.1931
0.8779 1.2137 -3.4046 0.8718 0.8743 -0.1943
-1 -1 -1 -1 -1 -1
3.1221 2.7023 -3.4351 0.8711 0.8887 -0.1863
3.3511 2.6031 -2.8702 0.8716 0.8887 -0.1873
-1 -1 -1 -1 -1 -1
-1 -1 -1 -1 -1 -1
-1 -1 -1 -1 -1 -1
-1 -1 -1 -1 -1 -1
-1 -1 -1 -1 -1 -1
-1 -1 -1 -1 -1 -1
-1 -1 -1 -1 -1 -1
-1 -1 -1 -1 -1 -1
-1 -1 -1 -1 -1 -1
-1 -1 -1 -1 -1 -1
-1 -1 -1 -1 -1 -1
-1 -1 -1 -1 -1 -1
-1 -1 -1 -1 -1 -1
-1 -1 -1 -1 -1 -1
-1 -1 -1 -1 -1 -1
-1 -1 -1 -1 -1 -1
-1 -1 -1 -1 -1 -1
-1 -1 -1 -1 -1 -1
1.6870 4.7863 23.4504 0.8628 0.8691 -0.1868
9.8931 15.6107 12.2214 0.8894 0.7827 -0.1790
0.3511 18.9160 24.9237 0.8765 0.7686 -0.1558
12.7176 8.1679 63.2443 0.8523 0.7705 -0.0989
9.4046 20.0076 77.9389 0.8643 0.5449 -0.0818
4.4962 108.3130 21.8855 0.8352 0.2773 -0.1484
44.7099 149.0992 -96.0153 1.3225 0.6907 0.1306
-173.6641 -88.4962 -62.4656 0.5498 0.7358 -1.6560
94.5496 -141.0382 86.5191 1.2278 0.7976 0.2075
-66.4657 -119.6489 -5.0916 0.8850 0.6875 0.8179
-53.3511 -12.9924 -92.6489 1.2009 0.8865 0.8904
3.9924 1.5573 -51.5573 0.8948 1.0515 -0.3811
13.3206 17.9313 -37.4580 0.8835 0.8396 -0.2351
-1 -1 -1 -1 -1 -1
-1 -1 -1 -1 -1 -1
-1 -1 -1 -1 -1 -1
-1 -1 -1 -1 -1 -1
5.3435 5.6412 -7.8473 0.8606 0.8521 -0.2297
1.2901 4.8168 -4.2672 0.8621 0.8701 -0.2104
0.3435 3.8168 -2.8473 0.8809 0.8540 -0.2046
-1 -1 -1 -1 -1 -1
-1 -1 -1 -1 -1 -1
-1 -1 -1 -1 -1 -1
-1 -1 -1 -1 -1 -1
-1 -1 -1 -1 -1 -1
-1 -1 -1 -1 -1 -1
-1 -1 -1 -1 -1 -1
-1 -1 -1 -1 -1 -1
-1 -1 -1 -1 -1 -1
-1 -1 -1 -1 -1 -1
-1 -1 -1 -1 -1 -1
-1 -1 -1 -1 -1 -1
-1 -1 -1 -1 -1 -1
-1 -1 -1 -1 -1 -1
-1 -1 -1 -1 -1 -1
-1 -1 -1 -1 -1 -1
-1 -1 -1 -1 -1 -1
-1 -1 -1 -1 -1 -1
-1 -1 -1 -1 -1 -1
-1 -1 -1 -1 -1 -1
-1 -1 -1 -1 -1 -1
-1 -1 -1 -1 -1 -1
-1 -1 -1 -1 -1 -1
-1 -1 -1 -1 -1 -1
18.3359 -19.6183 45.3130 0.9673 0.7009 -0.1619
65.5420 21.8855 18.0229 0.9924 0.7839 0.5862
13.8779 92.7481 -27.2443 1.0032 0.7803 0.4587
20.9160 116.3130 -71.5496 0.9253 0.7236 0.1221
-114.7786 102.6107 -21.0763 0.7903 0.6650 -0.1113
-140.3969 -21.4733 71.1145 0.6167 0.7559 -0.6807
7.7252 -150.8550 32.4351 1.2485 0.7759 0.1829
-20.5420 -45.0916 -21.1527 0.9414 0.4785 -0.0991
4.6260 -21.2366 -54.2672 0.8264 0.5928 -0.0769
2.8855 -19.9466 -58.2214 0.8494 0.7180 -0.0046
-8.5802 -17.8244 -22.7099 0.8638 0.7388 -0.2012
9.2977 -4.8092 -18.4275 0.8525 0.8965 -0.2654
6.2443 -2.3893 -8.7634 0.8801 0.8752 -0.1719
3.3969 1.5954 -12.4885 0.8879 0.8188 -0.1938
-2.4275 1.7863 -13.0076 0.8911 0.9202 -0.1917
1.1298 0.3664 -2.9160 0.8752 0.8906 -0.1997
2.5954 1.0076 -1.8702 0.8706 0.8853 -0.2056
2.7328 1.8092 -2.5802 0.8738 0.8911 -0.2100
3.7710 2.0305 -2.6794 0.8765 0.8887 -0.2156
-1 -1 -1 -1 -1 -1
-1 -1 -1 -1 -1 -1
-1 -1 -1 -1 -1 -1
-1 -1 -1 -1 -1 -1
-1 -1 -1 -1 -1 -1
-1 -1 -1 -1 -1 -1
-1 -1 -1 -1 -1 -1
-1 -1 -1 -1 -1 -1
-1 -1 -1 -1 -1 -1
-1 -1 -1 -1 -1 -1
-1 -1 -1 -1 -1 -1
-1 -1 -1 -1 -1 -1
-1 -1 -1 -1 -1 -1
-1 -1 -1 -1 -1 -1
-1 -1 -1 -1 -1 -1
-1 -1 -1 -1 -1 -1
-1 -1 -1 -1 -1 -1
-1 -1 -1 -1 -1 -1
-1 -1 -1 -1 -1 -1
-1 -1 -1 -1 -1 -1
-1 -1 -1 -1 -1 -1
-1 -1 -1 -1 -1 -1
-1 -1 -1 -1 -1 -1
-1 -1 -1 -1 -1 -1
-1 -1 -1 -1 -1 -1
-4.4809 -1.0229 12.6336 0.8604 0.8625 -0.1824
3.9618 0.5115 22.8244 0.8704 0.8069 -0.2244
2.8626 15.5649 19.3130 0.8779 0.8240 -0.1909
2.2137 30.2061 -9.5573 0.8826 0.7317 -0.1438
2.5878 25.8015 19.2290 0.8757 0.8535 -0.0664
10.0382 5.8473 85.1298 0.8423 0.7256 -0.0393
10.2519 40.9313 60.6489 0.8975 0.3972 -0.0132
9.8626 147.9160 -29.6031 1.0051 0.3850 0.1016
28.0611 86.3130 -44.3740 0.3865 0.3804 -0.8760
45.6870 -129.3511 24.0916 0.8491 0.6404 -0.3171
-67.7405 -141.3511 30.4046 0.9907 0.8228 0.3289
9.8931 -86.7557 -65.9542 1.0435 0.6577 0.7678
-28.2366 35.2443 10.3969 0.8062 -0.3562 0.1367
-1 -1 -1 -1 -1 -1
8.3893 3.8931 -28.4427 0.8904 0.8252 -0.2300
19.2824 11.3053 -26.2137 0.8772 0.8201 -0.2217
-2.3206 4.7786 -19.8779 0.8799 0.8662 -0.2068
0.4885 4.9389 -6.7939 0.8752 0.8853 -0.1982
1.5344 5.0763 -5.8550 0.8774 0.9019 -0.2117
1.2595 5.0840 -7.2901 0.8691 0.9128 -0.1997
-1 -1 -1 -1 -1 -1
-1 -1 -1 -1 -1 -1
-1 -1 -1 -1 -1 -1
-1 -1 -1 -1 -1 -1
-1 -1 -1 -1 -1 -1
-1 -1 -1 -1 -1 -1
-1 -1 -1 -1 -1 -1
-1 -1 -1 -1 -1 -1
-1 -1 -1 -1 -1 -1
-1 -1 -1 -1 -1 -1
-1 -1 -1 -1 -1 -1
-1 -1 -1 -1 -1 -1
-1 -1 -1 -1 -1 -1
-1 -1 -1 -1 -1 -1
-1 -1 -1 -1 -1 -1
-1 -1 -1 -1 -1 -1
-1 -1 -1 -1 -1 -1
-1 -1 -1 -1 -1 -1
-1 -1 -1 -1 -1 -1
-1 -1 -1 -1 -1 -1
3.3206 2.8626 17.9542 0.8933 0.8943 -0.2131
-1 -1 -1 -1 -1 -1
62.1679 35.3664 -12.3588 0.9390 0.7961 0.4343
17.4275 81.4351 -34.0076 0.9209 0.7871 0.3015
-48.4733 102.5725 -59.6031 1.0937 0.8228 0.0596
-9.0000 81.6947 -5.2366 0.4902 0.6353 0.2432
-130.0458 41.1145 93.1221 0.6421 0.6089 -0.3716
79.0076 -134.9924 -13.0229 1.2727 1.1438 0.0596
-22.0153 -83.0611 -19.3588 1.0410 0.6140 -0.0432
-3.9466 -33.1527 -54.8092 0.8572 0.7092 0.0085
10.6412 -34.9847 -34.0382 0.8701 0.8010 -0.0908
-0.9695 -17.4046 -11.1832 0.8840 0.8293 -0.1545
13.0687 -3.9160 -15.5496 0.9834 0.8120 0.1506
6.3588 -0.2901 -8.4962 0.8904 0.8738 -0.1887
-0.0458 -0.9313 -1.2061 0.8748 0.8699 -0.1877
-2.1679 -0.9008 -1.9847 0.8723 0.8665 -0.1965
-1 -1 -1 -1 -1 -1
-1.6565 1.9008 -4.6260 0.8640 0.8835 -0.1960
3.5344 0.7328 -0.4275 0.8748 0.8831 -0.1931
4.1069 1.3511 -1.6947 0.8752 0.8696 -0.2036
-1 -1 -1 -1 -1 -1
3.8855 2.8397 -3.9084 0.8708 0.8752 -0.2073
3.9466 3.1679 -3.8779 0.8787 0.8818 -0.2075
-1 -1 -1 -1 -1 -1
-1 -1 -1 -1 -1 -1
-1 -1 -1 -1 -1 -1
-1 -1 -1 -1 -1 -1
-1 -1 -1 -1 -1 -1
-1 -1 -1 -1 -1 -1
-1 -1 -1 -1 -1 -1
-1 -1 -1 -1 -1 -1
-1 -1 -1 -1 -1 -1
-1 -1 -1 -1 -1 -1
-1 -1 -1 -1 -1 -1
-1 -1 -1 -1 -1 -1
-1 -1 -1 -1 -1 -1
-1 -1 -1 -1 -1 -1
-1 -1 -1 -1 -1 -1
6.0916 4.5344 12.1527 0.8669 0.9158 -0.1909
-0.4580 18.0687 8.8168 0.8811 0.8193 -0.1990
-1.7939 20.3817 9.2977 0.8843 0.8323 -0.1570
-1.9389 21.1221 13.9847 0.8628 0.8025 -0.1021
3.6565 17.6031 61.2672 0.8877 0.8191 -0.0566
-0.4656 3.9160 78.9237 0.7578 0.4673 -0.0806
31.4733 50.7176 24.4580 0.9019 0.3699 -0.1448
28.3435 163.9008 -65.5878 1.4487 0.7483 0.0491
54.0305 -9.7710 -17.8321 0.3716 -0.4290 -1.4553
173.0153 -168.9618 36.0305 1.1843 0.4771 0.2166
-9.8244 -129.3359 -35.0611 0.8687 0.8037 0.6482
-14.9084 -42.8321 -97.7939 1.5493 1.4319 0.3057
-29.4885 15.0534 18.7176 0.8992 0.6506 -0.2075
72.6183 4.1756 18.1374 0.8303 0.0986 -0.3855
63.3969 -17.1527 44.5573 0.6660 0.4368 -0.4607
124.9466 -18.6718 -45.5344 0.8025 1.3638 0.2844
18.1221 -8.0382 -44.1679 1.0469 0.5386 -0.8462
-26.6183 -2.7405 -35.3435 0.8796 0.5366 -0.3645
10.7863 4.6870 -31.8855 0.8904 0.8911 -0.1860
3.6718 3.2443 -8.1985 0.9182 0.7715 -0.1331
-0.2901 -0.7405 -10.0458 0.8823 0.7522 -0.1865
-5.8855 -0.5649 -13.2443 0.8835 0.8127 -0.1733
11.7634 -0.1832 -8.8702 0.8745 0.9355 -0.1218
2.2290 -2.5649 -7.5420 0.8708 0.8125 -0.1748
-1 -1 -1 -1 -1 -1
-1 -1 -1 -1 -1 -1
16.4427 1.5038 -1.7863 0.8494 0.8723 -0.1956
6.1679 4.0687 -4.8321 0.8826 0.8772 -0.1814
-4.0840 9.5725 2.9924 0.8660 0.8464 -0.2346
-12.8473 14.0916 5.4351 0.8923 0.7969 -0.2122
-8.0076 12.3511 14.3282 0.9006 0.8462 -0.1755
-53.9160 1.1527 12.9618 0.8665 0.7844 -0.2615
-45.7023 -1.3053 12.6336 0.8174 0.9028 -0.1377
17.7863 5.4733 -0.9389 0.8684 0.9207 -0.0588
-1 -1 -1 -1 -1 -1
-1 -1 -1 -1 -1 -1
5.6183 1.9847 -2.3588 0.8813 0.8003 -0.1521
3.1145 1.6794 -3.3511 0.8806 0.7986 -0.1697
3.5802 2.0840 -3.4351 0.8701 0.8093 -0.1604
2.6565 1.5420 -1.7328 0.8862 0.8027 -0.1621
2.2748 1.4962 -4.6183 0.8672 0.8059 -0.1687
2.9313 2.3053 -3.7176 0.8757 0.8162 -0.1716
-1 -1 -1 -1 -1 -1
-1 -1 -1 -1 -1 -1
-1 -1 -1 -1 -1 -1
-1 -1 -1 -1 -1 -1
-1 -1 -1 -1 -1 -1
2.2061 0.4046 4.7710 0.8850 0.8022 -0.1694
1.8168 1.7786 2.4885 0.8713 0.7820 -0.1826
-1 -1 -1 -1 -1 -1
-1 -1 -1 -1 -1 -1
-1 -1 -1 -1 -1 -1
8.1145 -17.8015 32.5878 0.9192 0.7563 -0.1138
73.6947 38.0000 9.2061 1.0325 0.8862 0.6829
-6.0687 112.1908 -46.9237 0.9287 0.7866 0.5000
-12.8931 137.1450 -102.6565 0.9646 0.7715 0.2378
-161.2672 88.4962 18.9771 0.7275 0.4326 -0.5266
108.6565 -119.5954 57.0611 1.5107 -0.0708 -0.6477
-17.2290 -102.6718 4.0763 0.2671 0.8254 -1.0261
-0.5115 -26.8321 -49.2519 0.8503 0.5991 -0.0439
-2.0305 -26.2672 -20.9847 0.9111 0.7629 0.0090
0.7786 -22.1145 -10.4046 0.9072 0.7290 -0.1362
8.8015 -11.8397 -17.6641 0.9121 0.7527 -0.1892
-4.3664 -1.4046 -0.9084 0.8862 0.7458 -0.1770
1.8321 8.1298 -33.1527 0.8857 0.7483 -0.1743
-7.2061 3.0992 -25.4275 0.8665 0.8760 -0.1724
-3.7786 -0.7786 -6.9084 0.8787 0.8762 -0.1802
-1 -1 -1 -1 -1 -1
3.0153 1.3740 -0.5191 0.8813 0.8723 -0.1943
3.5725 2.2214 -2.1221 0.8726 0.8733 -0.1768
3.2901 2.1221 -2.5954 0.8809 0.8760 -0.1960
-1 -1 -1 -1 -1 -1
6.2595 1.9542 -3.2977 0.8760 0.8750 -0.1904
-1 -1 -1 -1 -1 -1
-1 -1 -1 -1 -1 -1
-1 -1 -1 -1 -1 -1
-1 -1 -1 -1 -1 -1
-1 -1 -1 -1 -1 -1
-1 -1 -1 -1 -1 -1
-1 -1 -1 -1 -1 -1
-1 -1 -1 -1 -1 -1
-1 -1 -1 -1 -1 -1
-1 -1 -1 -1 -1 -1
-1 -1 -1 -1 -1 -1
-1 -1 -1 -1 -1 -1
-1 -1 -1 -1 -1 -1
-1 -1 -1 -1 -1 -1
-1 -1 -1 -1 -1 -1
-1 -1 -1 -1 -1 -1
-1 -1 -1 -1 -1 -1
-1 -1 -1 -1 -1 -1
-1 -1 -1 -1 -1 -1
-1 -1 -1 -1 -1 -1
-1 -1 -1 -1 -1 -1
-1 -1 -1 -1 -1 -1
-1 -1 -1 -1 -1 -1
-1 -1 -1 -1 -1 -1
-1 -1 -1 -1 -1 -1
-1 -1 -1 -1 -1 -1
-1 -1 -1 -1 -1 -1
-1 -1 -1 -1 -1 -1
-1 -1 -1 -1 -1 -1
-1 -1 -1 -1 -1 -1
-1 -1 -1 -1 -1 -1
-1 -1 -1 -1 -1 -1
-1 -1 -1 -1 -1 -1
-1.1527 -4.4122 28.0153 0.8391 0.7966 -0.2305
4.8550 3.5191 5.3664 0.8948 0.7615 -0.2046
8.3893 15.5038 -2.5878 0.8687 0.7117 -0.1824
11.2214 22.2290 4.5573 0.8767 0.7893 -0.1384
2.0229 0.5191 69.3511 0.8340 0.6697 -0.1326
4.9466 12.0534 75.4046 0.9026 0.5139 -0.2407
13.9466 89.3130 31.8550 0.7808 0.3054 -0.1738
24.4809 158.1527 -67.2443 1.2222 0.5142 0.0212
-28.4351 68.2137 -39.9618 0.4785 0.0212 -1.0952
177.1450 -180.4198 40.5878 1.0093 0.8298 -0.3032
-96.6794 -148.8626 22.9237 1.0051 0.5610 0.6179
-37.0153 -47.5954 -77.6183 0.9448 0.7107 0.7419
-77.4046 19.1756 -19.7939 0.6519 -0.3518 -1.1216
26.4122 12.6641 -40.7557 0.8315 0.7771 -0.2588
28.7557 16.5725 -31.9771 0.8389 0.7485 -0.2380
5.6336 10.3817 -16.0076 0.8811 0.7915 -0.2273
-1 -1 -1 -1 -1 -1
-2.5267 5.6183 -4.9771 0.8716 0.8423 -0.2327
-1 -1 -1 -1 -1 -1
-1 -1 -1 -1 -1 -1
3.6794 4.0840 -4.7099 0.8701 0.8459 -0.2175
-1 -1 -1 -1 -1 -1
-1 -1 -1 -1 -1 -1
-1 -1 -1 -1 -1 -1
-1 -1 -1 -1 -1 -1
-1 -1 -1 -1 -1 -1
-1 -1 -1 -1 -1 -1
-1 -1 -1 -1 -1 -1
-1 -1 -1 -1 -1 -1
-1 -1 -1 -1 -1 -1
-1 -1 -1 -1 -1 -1
-1 -1 -1 -1 -1 -1
-1 -1 -1 -1 -1 -1
-1 -1 -1 -1 -1 -1
-1 -1 -1 -1 -1 -1
-1 -1 -1 -1 -1 -1
-1 -1 -1 -1 -1 -1
-1 -1 -1 -1 -1 -1
-1 -1 -1 -1 -1 -1
-1 -1 -1 -1 -1 -1
-1 -1 -1 -1 -1 -1
-1 -1 -1 -1 -1 -1
-1 -1 -1 -1 -1 -1
-1.4504 -1.4427 6.1985 0.8774 0.8596 -0.2168
24.3588 -10.9084 43.0687 0.9736 0.7122 -0.0576
28.0840 42.5802 1.7099 0.9504 0.8428 0.6340
-12.3435 128.2901 -50.3740 1.0952 0.7893 0.5029
-49.9542 130.7481 -41.6031 0.9536 0.6841 -0.0205
-44.3740 79.7710 48.6718 0.6443 0.6221 -0.2686
-90.6565 -59.8931 92.4657 0.6323 0.9248 -0.4778
-4.1908 -157.7557 31.9847 1.2266 1.0642 -0.5232
-21.7405 -69.2061 -18.5878 0.9346 0.5010 -0.0586
9.9771 -24.9313 -68.3893 0.8706 0.5754 -0.0144
1.2443 -27.8550 -45.5191 0.9180 0.8252 -0.0354
2.0611 -18.9237 -16.7328 0.8748 0.7654 -0.2000
-4.0000 -6.0076 -20.9466 0.8596 0.7930 -0.1501
9.0229 -1.9237 -7.6183 0.8728 0.8906 -0.1863
6.6489 -1.7710 -9.2214 0.8623 0.8608 -0.1958
2.1221 -0.6336 -1.7252 0.8831 0.8540 -0.2241
-0.0229 2.5267 -6.3588 0.8694 0.8738 -0.2197
0.7557 3.9313 -7.0916 0.8821 0.8726 -0.2073
-0.7328 4.1603 -7.0611 0.8745 0.8887 -0.2100
-0.6031 3.8473 -4.0840 0.8699 0.8960 -0.2102
-1 -1 -1 -1 -1 -1
-1 -1 -1 -1 -1 -1
-1 -1 -1 -1 -1 -1
-1 -1 -1 -1 -1 -1
-1 -1 -1 -1 -1 -1
-1 -1 -1 -1 -1 -1
-1 -1 -1 -1 -1 -1
-1 -1 -1 -1 -1 -1
-1 -1 -1 -1 -1 -1
-1 -1 -1 -1 -1 -1
-1 -1 -1 -1 -1 -1
-1 -1 -1 -1 -1 -1
-1 -1 -1 -1 -1 -1
-1 -1 -1 -1 -1 -1
-1 -1 -1 -1 -1 -1
-1 -1 -1 -1 -1 -1
-1 -1 -1 -1 -1 -1
-1 -1 -1 -1 -1 -1
-1 -1 -1 -1 -1 -1
-1 -1 -1 -1 -1 -1
-1 -1 -1 -1 -1 -1
-1 -1 -1 -1 -1 -1
-1 -1 -1 -1 -1 -1
-1 -1 -1 -1 -1 -1
-1 -1 -1 -1 -1 -1
-1 -1 -1 -1 -1 -1
-1 -1 -1 -1 -1 -1
-1 -1 -1 -1 -1 -1
-1 -1 -1 -1 -1 -1
-1 -1 -1 -1 -1 -1
-1 -1 -1 -1 -1 -1
-1 -1 -1 -1 -1 -1
-1 -1 -1 -1 -1 -1
-1 -1 -1 -1 -1 -1
-1 -1 -1 -1 -1 -1
-1 -1 -1 -1 -1 -1
-1 -1 -1 -1 -1 -1
-1 -1 -1 -1 -1 -1
-1 -1 -1 -1 -1 -1
-1 -1 -1 -1 -1 -1
-1 -1 -1 -1 -1 -1
-1 -1 -1 -1 -1 -1
-1 -1 -1 -1 -1 -1
-1 -1 -1 -1 -1 -1
-1 -1 -1 -1 -1 -1
-1 -1 -1 -1 -1 -1
-1 -1 -1 -1 -1 -1
-1 -1 -1 -1 -1 -1
-1 -1 -1 -1 -1 -1
-1 -1 -1 -1 -1 -1
-1 -1 -1 -1 -1 -1
-1 -1 -1 -1 -1 -1
-1 -1 -1 -1 -1 -1
-1 -1 -1 -1 -1 -1
-1 -1 -1 -1 -1 -1
-1 -1 -1 -1 -1 -1
-1 -1 -1 -1 -1 -1
-1 -1 -1 -1 -1 -1
-1 -1 -1 -1 -1 -1
-1 -1 -1 -1 -1 -1
-1 -1 -1 -1 -1 -1
-1 -1 -1 -1 -1 -1
-1 -1 -1 -1 -1 -1
-1 -1 -1 -1 -1 -1
-1 -1 -1 -1 -1 -1
-1 -1 -1 -1 -1 -1
-1 -1 -1 -1 -1 -1
-1 -1 -1 -1 -1 -1
-1 -1 -1 -1 -1 -1
-1 -1 -1 -1 -1 -1
-1 -1 -1 -1 -1 -1
-1 -1 -1 -1 -1 -1
-1 -1 -1 -1 -1 -1
-1 -1 -1 -1 -1 -1
-1 -1 -1 -1 -1 -1
1.1756 10.6870 12.4122 0.8645 0.8167 -0.2246
-1 -1 -1 -1 -1 -1
3.7710 12.0382 22.4962 0.8696 0.7512 -0.1919
8.8244 22.2595 25.6641 0.8953 0.6836 -0.1875
7.7786 47.2901 36.7252 0.9363 0.6235 -0.1282
17.8855 38.3664 43.9389 1.0500 0.6870 0.0046
56.9084 4.1985 33.6565 0.7395 0.3887 -0.2187
135.8244 -37.8931 -23.2366 0.5981 0.9258 -0.0251
46.2595 -29.4656 -73.7710 0.9072 0.5688 0.1338
-8.5802 -33.2137 -38.6336 0.7695 0.2034 -0.1711
9.1679 9.3053 -22.7252 0.9070 0.7876 0.1450
27.5344 7.6412 -12.6412 0.8513 0.7649 0.0037
3.1527 4.9160 -4.9084 0.8787 0.7876 0.0156
4.5344 5.3511 -5.5267 0.8777 0.7847 0.0491
-1 -1 -1 -1 -1 -1
-1 -1 -1 -1 -1 -1
-1 -1 -1 -1 -1 -1
-1 -1 -1 -1 -1 -1
-1 -1 -1 -1 -1 -1
-1 -1 -1 -1 -1 -1
-1 -1 -1 -1 -1 -1
-1 -1 -1 -1 -1 -1
-1 -1 -1 -1 -1 -1
-1 -1 -1 -1 -1 -1
-1 -1 -1 -1 -1 -1
-1 -1 -1 -1 -1 -1
-1 -1 -1 -1 -1 -1
-1 -1 -1 -1 -1 -1
-1 -1 -1 -1 -1 -1
-1 -1 -1 -1 -1 -1
-1 -1 -1 -1 -1 -1
-1 -1 -1 -1 -1 -1
-1 -1 -1 -1 -1 -1
-1 -1 -1 -1 -1 -1
-1 -1 -1 -1 -1 -1
-1 -1 -1 -1 -1 -1
-1 -1 -1 -1 -1 -1
-1 -1 -1 -1 -1 -1
-1 -1 -1 -1 -1 -1
-1 -1 -1 -1 -1 -1
-1 -1 -1 -1 -1 -1
-1 -1 -1 -1 -1 -1
-1 -1 -1 -1 -1 -1
-1 -1 -1 -1 -1 -1
-1 -1 -1 -1 -1 -1
-1 -1 -1 -1 -1 -1
-1 -1 -1 -1 -1 -1
-1 -1 -1 -1 -1 -1
-1 -1 -1 -1 -1 -1
-1 -1 -1 -1 -1 -1
-1 -1 -1 -1 -1 -1
-1 -1 -1 -1 -1 -1
-1 -1 -1 -1 -1 -1
-1 -1 -1 -1 -1 -1
-1 -1 -1 -1 -1 -1
-1 -1 -1 -1 -1 -1
-1 -1 -1 -1 -1 -1
-1 -1 -1 -1 -1 -1
-1 -1 -1 -1 -1 -1
-1 -1 -1 -1 -1 -1
-1 -1 -1 -1 -1 -1
-1 -1 -1 -1 -1 -1
1.1985 3.0382 -1.2214 0.8750 0.7832 0.0955
1.1450 3.2595 -1.1908 0.8760 0.7764 0.0896
-3.1069 4.0458 -0.5725 0.8723 0.7566 0.0889
0.9847 3.4504 -2.8779 0.8682 0.7720 0.0913
0.8550 3.1679 -2.9771 0.8794 0.7766 0.0916
1.9008 3.1145 -2.5191 0.8748 0.7810 0.0979
2.3206 2.7328 -2.9542 0.8735 0.7659 0.0962
1.8015 2.5191 -2.7328 0.8684 0.7703 0.0908
3.1527 2.7481 -3.0840 0.8757 0.7664 0.0964
2.8702 3.9008 -3.6947 0.8740 0.7637 0.1030
0.3282 4.4046 -1.4504 0.8792 0.7781 0.1042
-0.2901 3.7710 2.0916 0.8787 0.7703 0.1040
-1.7328 2.5038 1.9847 0.8684 0.7502 0.1157
-0.3206 2.9237 -1.3588 0.8604 0.7395 0.0869
1.6031 4.0000 -3.4504 0.8762 0.7595 0.1008
5.6641 3.4580 -2.5420 0.8699 0.7334 0.0876
7.4962 2.3359 -5.7786 0.8523 0.7317 0.0984
5.4046 3.2595 -5.3817 0.8665 0.7578 0.1055