-1 -1 -1 -1 -1 -1
-1 -1 -1 -1 -1 -1
-1 -1 -1 -1 -1 -1
-1 -1 -1 -1 -1 -1
-1 -1 -1 -1 -1 -1
-1 -1 -1 -1 -1 -1
-1 -1 -1 -1 -1 -1
-1 -1 -1 -1 -1 -1
-1 -1 -1 -1 -1 -1
0.0992 13.5267 -9.8931 0.8799 0.0691 -0.3762
-1 -1 -1 -1 -1 -1
-1 -1 -1 -1 -1 -1
-1 -1 -1 -1 -1 -1
-1 -1 -1 -1 -1 -1
-1 -1 -1 -1 -1 -1
-1 -1 -1 -1 -1 -1
-1 -1 -1 -1 -1 -1
-1 -1 -1 -1 -1 -1
-3.9160 -1.9237 -7.7786 0.9119 0.2446 -0.3120
-1.2748 0.8473 -8.0153 0.9126 0.2383 -0.3013
1.5802 3.6183 -6.6412 0.9114 0.2515 -0.2834
1.2901 -1.6565 -4.7405 0.9355 0.2449 -0.2725
-3.4656 -3.1374 -4.2824 0.9004 0.2754 -0.3032
-6.7328 1.3511 -0.2214 0.9050 0.2791 -0.2998
-1 -1 -1 -1 -1 -1
-1.6641 3.9618 0.0763 0.9177 0.2483 -0.3120
-5.2672 7.7252 1.5267 0.8965 0.2725 -0.3125
-1 -1 -1 -1 -1 -1
-1 -1 -1 -1 -1 -1
-58.3969 29.5573 48.9084 1.1501 0.2993 0.0354
-1 -1 -1 -1 -1 -1
-1 -1 -1 -1 -1 -1
-1 -1 -1 -1 -1 -1
-1 -1 -1 -1 -1 -1
-3.6336 1.2748 -1.5573 0.9802 0.2166 -0.0847
-1 -1 -1 -1 -1 -1
-1 -1 -1 -1 -1 -1
-1 -1 -1 -1 -1 -1
-1 -1 -1 -1 -1 -1
-1 -1 -1 -1 -1 -1
-1 -1 -1 -1 -1 -1
-1 -1 -1 -1 -1 -1
-1 -1 -1 -1 -1 -1
-1 -1 -1 -1 -1 -1
-1 -1 -1 -1 -1 -1
-1 -1 -1 -1 -1 -1
-1 -1 -1 -1 -1 -1
-1 -1 -1 -1 -1 -1
-1 -1 -1 -1 -1 -1
-1 -1 -1 -1 -1 -1
-1 -1 -1 -1 -1 -1
-1 -1 -1 -1 -1 -1
-1 -1 -1 -1 -1 -1
-1 -1 -1 -1 -1 -1
-1 -1 -1 -1 -1 -1
-1 -1 -1 -1 -1 -1
0.1450 -0.6641 -7.8855 0.9810 0.1997 -0.0627
-1 -1 -1 -1 -1 -1
-1 -1 -1 -1 -1 -1
18.0992 -11.1221 -19.2366 0.9451 0.3394 -0.1499
-0.5573 9.2290 4.6718 0.9585 0.3320 -0.1951
-0.1527 4.3053 9.1450 0.9426 0.2864 -0.1179
-1.3588 6.7023 2.8855 0.9661 0.2959 -0.1206
-0.5344 8.6947 11.7557 0.9629 0.2908 -0.1404
0.8702 12.9466 17.6794 0.9541 0.2388 -0.0977
21.6336 2.9389 24.2748 0.9829 -0.0249 -0.1243
25.9466 58.0305 59.1145 1.2039 0.1479 0.3008
-69.9695 64.5191 63.1069 0.9756 0.2161 0.3181
-82.3053 55.5115 24.4351 0.9207 0.0769 0.1316
-69.9695 -24.1832 -34.5038 0.6648 0.0146 -0.3611
56.8321 -22.7481 -64.2901 1.2078 -0.3704 -0.0742
3.4962 -50.3206 -47.8855 1.1565 0.0771 0.0852
-21.9847 -50.4809 -29.7634 1.2021 0.0549 -0.0574
-9.9771 -11.4733 -6.2290 1.0200 0.0930 -0.1106
-10.0076 -7.1679 -10.1603 0.9963 0.1685 -0.1543
-6.9542 1.5115 -7.8015 0.9795 0.1897 -0.1772
-18.3740 2.1374 -7.0763 0.9937 0.2031 -0.2268
3.1985 16.8092 -6.9466 0.9648 0.1924 -0.1506
7.6260 22.9618 13.7328 1.0283 0.2083 -0.0679
29.5114 45.4656 41.9313 1.0730 -0.1628 0.0183
-32.1450 3.9847 33.2214 0.8877 -0.0144 -0.1292
9.1832 -35.2672 -19.0000 1.0056 0.1121 -0.0715
47.5344 -48.1374 -34.6794 1.0623 -0.2209 -0.3533
-2.2290 4.8015 2.8779 1.1809 -0.0593 -0.0750
-12.2290 -6.1679 -0.0229 1.0085 0.0505 -0.1663
0.2214 -4.7099 -0.6183 0.9836 0.1299 -0.1685
-2.3740 0.3206 -1.9313 0.9810 0.1548 -0.1589
-2.2443 1.1679 -1.3664 0.9890 0.1353 -0.1794
-2.2366 0.0611 -1.4885 0.9854 0.1272 -0.1763
-1 -1 -1 -1 -1 -1
-1.7557 1.4427 -2.5267 0.9785 0.1440 -0.1807
-0.8168 1.2290 -2.3893 0.9775 0.1384 -0.1763
-1 -1 -1 -1 -1 -1
-1 -1 -1 -1 -1 -1
-1 -1 -1 -1 -1 -1
-1 -1 -1 -1 -1 -1
-1 -1 -1 -1 -1 -1
-1 -1 -1 -1 -1 -1
-1 -1 -1 -1 -1 -1
-1 -1 -1 -1 -1 -1
-1 -1 -1 -1 -1 -1
-1 -1 -1 -1 -1 -1
-1 -1 -1 -1 -1 -1
-1 -1 -1 -1 -1 -1
-1 -1 -1 -1 -1 -1
-1 -1 -1 -1 -1 -1
-1 -1 -1 -1 -1 -1
-1 -1 -1 -1 -1 -1
-1 -1 -1 -1 -1 -1
-1 -1 -1 -1 -1 -1
-1 -1 -1 -1 -1 -1
-1 -1 -1 -1 -1 -1
-1 -1 -1 -1 -1 -1
-1 -1 -1 -1 -1 -1
-1 -1 -1 -1 -1 -1
-1 -1 -1 -1 -1 -1
-1 -1 -1 -1 -1 -1
-1 -1 -1 -1 -1 -1
-1 -1 -1 -1 -1 -1
-1 -1 -1 -1 -1 -1
-1 -1 -1 -1 -1 -1
-1 -1 -1 -1 -1 -1
-1 -1 -1 -1 -1 -1
-1 -1 -1 -1 -1 -1
-1 -1 -1 -1 -1 -1
-1 -1 -1 -1 -1 -1
-1 -1 -1 -1 -1 -1
-1 -1 -1 -1 -1 -1
-1 -1 -1 -1 -1 -1
-1 -1 -1 -1 -1 -1
-1 -1 -1 -1 -1 -1
-1 -1 -1 -1 -1 -1
-1 -1 -1 -1 -1 -1
-1 -1 -1 -1 -1 -1
-1 -1 -1 -1 -1 -1
-1 -1 -1 -1 -1 -1
-1 -1 -1 -1 -1 -1
-1 -1 -1 -1 -1 -1
-1 -1 -1 -1 -1 -1
-1 -1 -1 -1 -1 -1
-1 -1 -1 -1 -1 -1
-1 -1 -1 -1 -1 -1
8.5267 4.8626 7.3282 0.9966 0.1650 -0.1797
64.7099 39.3511 20.5344 1.0789 0.0891 -0.0286
29.9771 47.1985 -60.4427 0.8167 0.5718 0.5540
-25.1832 136.1527 -71.0611 1.7002 0.0325 0.5122
-14.7710 32.7176 -18.5191 1.0635 0.2461 -0.2771
0.0916 -2.1832 12.3969 0.9517 0.2061 -0.1990
8.9466 19.7786 25.7786 1.0022 0.1401 -0.1528
-6.4275 -14.3206 27.0992 1.0859 0.0310 -0.1731
13.2290 31.0458 19.5802 1.0417 0.0393 -0.1375
12.7634 24.0992 9.4885 1.0261 -0.0046 -0.0623
24.0000 33.3359 12.4656 1.0564 -0.0410 -0.0088
29.7481 57.2672 5.8626 1.0854 -0.0034 0.0313
-1 -1 -1 -1 -1 -1
90.2214 3.5191 -20.1679 0.9575 0.0325 0.0439
51.9160 6.6870 -20.2519 1.0386 0.1694 0.2532
10.9237 9.1145 -17.6718 1.0535 0.1860 0.2554
-1.5878 6.2748 -13.6183 0.9790 0.0854 0.1646
1.3053 0.3893 -11.9160 0.9783 0.1426 0.2090
10.7405 -0.1069 -6.4427 0.9719 0.1343 0.2241
13.0076 -4.4504 -5.1527 0.9819 0.1514 0.1528
7.4504 -1.7099 -3.5267 0.9836 0.2322 0.2327
-6.1603 2.0992 -4.2977 1.0017 0.2161 0.2170
-9.8397 -0.4122 -4.4885 0.9829 0.2058 0.1438
-13.1527 -14.0229 -8.8626 0.9729 0.2024 0.1443
-3.8168 -6.5344 -6.7405 0.9819 0.2385 0.1487
-1 -1 -1 -1 -1 -1
-1 -1 -1 -1 -1 -1
-1 -1 -1 -1 -1 -1
-1 -1 -1 -1 -1 -1
-1 -1 -1 -1 -1 -1
-1 -1 -1 -1 -1 -1
-1 -1 -1 -1 -1 -1
-1 -1 -1 -1 -1 -1
-1 -1 -1 -1 -1 -1
-1 -1 -1 -1 -1 -1
-1 -1 -1 -1 -1 -1
-1 -1 -1 -1 -1 -1
-1 -1 -1 -1 -1 -1
-1 -1 -1 -1 -1 -1
-1 -1 -1 -1 -1 -1
-1 -1 -1 -1 -1 -1
15.2137 6.1450 -2.0611 1.0044 0.1497 0.0654
41.9695 7.2977 -2.8779 0.9629 0.1746 0.0549
49.4809 6.8550 -2.6489 0.9900 0.2002 0.0300
37.0916 3.9160 -2.7023 0.9878 0.2551 0.1133
20.9008 -4.3130 -2.0382 0.9966 0.2881 0.1714
-6.5954 -2.0611 -6.1985 0.9973 0.3577 0.1179
-1 -1 -1 -1 -1 -1
-1 -1 -1 -1 -1 -1
-1 -1 -1 -1 -1 -1
-6.4504 2.5267 3.3817 0.9941 0.1899 0.1060
-39.1374 10.9389 11.1603 1.0491 0.2388 0.2090
-38.5725 9.8855 24.1756 1.0537 0.0549 0.1965
-41.5496 37.1603 26.4198 1.0464 0.2622 0.3271
-110.3511 28.7557 39.0458 1.0364 0.0667 0.2949
-94.0153 1.3206 23.7710 0.8308 -0.0850 -0.0715
-9.0229 -46.5878 1.8015 0.8804 -0.5337 -0.3088
-52.0840 -83.3435 -29.0458 1.1091 -0.2070 0.1497
-49.1374 -98.9924 -21.2977 1.0542 0.0288 -0.1750
-33.5649 -38.1450 -17.0229 0.9397 0.0886 -0.2163
-16.4122 -6.7405 -8.4351 0.9958 0.0935 -0.1890
-11.1069 -10.6489 -10.5344 0.9797 0.1411 -0.2202
-18.8931 -11.5115 -0.8015 0.9746 0.1201 -0.2363
-5.4122 8.9466 1.1145 1.0554 0.0811 -0.2585
-6.7634 5.0840 -11.5802 0.9641 0.1362 -0.2068
1.7863 13.8244 -5.0763 0.9578 0.1353 -0.1782
-0.8244 4.3053 -5.3435 0.9912 0.1653 -0.1453
-0.1221 6.2214 -2.9084 0.9680 0.1611 -0.1631
0.0153 4.7939 -2.4046 0.9856 0.1467 -0.1631
-1 -1 -1 -1 -1 -1
-1 -1 -1 -1 -1 -1
-1 -1 -1 -1 -1 -1
-1 -1 -1 -1 -1 -1
-1 -1 -1 -1 -1 -1
-1 -1 -1 -1 -1 -1
-1 -1 -1 -1 -1 -1
-1 -1 -1 -1 -1 -1
-1 -1 -1 -1 -1 -1
-1 -1 -1 -1 -1 -1
-1 -1 -1 -1 -1 -1
-1 -1 -1 -1 -1 -1
-1 -1 -1 -1 -1 -1
0.2748 5.5267 13.7939 0.9805 0.1738 -0.1780
21.9466 42.1374 38.9847 1.1235 0.2515 -0.0564
63.5344 62.2137 -31.5649 0.8398 0.5459 0.4807
-7.2824 28.3359 -83.8931 0.9985 0.3340 0.2986
-40.2595 9.0916 -90.5649 1.1436 0.1838 0.0029
-27.4656 -22.4580 -41.1603 0.9080 -0.0203 -0.2388
-57.2137 -15.6183 27.7634 0.7683 0.1367 -0.1492
42.1069 -182.9771 34.8702 1.4150 0.8503 0.2622
-50.1069 -67.2519 27.6336 0.7900 0.3713 -0.0715
-8.9618 -49.1832 24.7786 1.0339 0.1548 -0.1592
-2.4504 -6.3130 11.0534 0.9802 0.2085 -0.1206
5.1374 4.1450 8.7328 1.0244 0.2251 -0.0745
55.2443 -2.0534 -4.2977 1.0476 0.1355 -0.1255
-5.0763 38.6260 2.6718 0.8643 0.1111 -0.1057
-5.9695 -3.1908 0.7481 0.9497 0.0854 -0.1279
-3.4656 1.2901 4.3359 0.9631 0.1384 -0.1550
-0.4580 0.8397 -2.9847 0.9885 0.1189 -0.1699
1.1985 2.3969 -3.8244 0.9790 0.1135 -0.1831
0.3893 1.6641 -2.3511 0.9778 0.1255 -0.1736
-2.0534 1.1374 -1.8015 0.9875 0.1257 -0.1711
-1.8321 1.7557 -1.4504 0.9822 0.1240 -0.1707
-1.7939 1.7557 -2.6489 0.9795 0.1245 -0.1663
-3.2214 3.0916 -2.7405 0.9783 0.1316 -0.1753
-1 -1 -1 -1 -1 -1
-1 -1 -1 -1 -1 -1
-1 -1 -1 -1 -1 -1
-1 -1 -1 -1 -1 -1
-1 -1 -1 -1 -1 -1
7.8244 40.6641 -15.4275 0.9861 0.1467 -0.1648
3.4351 52.6565 -7.2672 1.0088 0.1831 -0.1121
-14.8168 68.4198 10.6031 1.0273 0.4014 -0.0540
-24.2519 67.2214 -18.5725 0.8904 -0.1548 0.4468
-21.8931 102.1985 -63.2366 1.3691 0.4978 0.0977
52.4580 31.1298 -41.4122 0.3757 -1.5256 -0.2725
-24.1221 -33.4046 87.1450 1.0017 0.3313 -0.3118
-91.8702 -81.8550 108.8626 1.0327 0.5232 0.0310
-63.7405 -80.6870 -17.0763 1.2219 0.4546 0.4006
-53.9695 -9.2137 -1.7863 1.9999 -1.3855 1.9999
47.8397 66.2672 -67.4809 0.6079 0.4221 -0.1631
-16.1679 27.8855 2.4580 1.0522 0.2659 0.0603
-5.3053 -1.3740 -1.5191 0.9595 0.1470 -0.1484
-22.3435 -3.4733 0.1603 0.9272 0.1250 -0.1479
-11.3282 -3.8092 1.2519 1.0471 0.0662 -0.1892
19.6794 8.6489 -16.8779 1.0146 0.0427 -0.1409
-8.4198 -3.5496 0.0763 1.0151 0.0645 -0.1914
-0.4198 -4.4962 -4.3206 1.0005 0.1077 -0.1572
1.2214 2.0229 -4.6336 0.9824 0.1094 -0.1826
-0.5725 0.3511 -3.7634 0.9919 0.1074 -0.1907
-0.4046 1.6031 -2.4580 0.9910 0.1228 -0.1736
0.1450 0.9084 -3.4809 0.9709 0.1267 -0.1851
-0.6183 1.6183 -2.7481 0.9783 0.1194 -0.1929
-1 -1 -1 -1 -1 -1
-1 -1 -1 -1 -1 -1
-1 -1 -1 -1 -1 -1
-1 -1 -1 -1 -1 -1
-1 -1 -1 -1 -1 -1
-1 -1 -1 -1 -1 -1
-1 -1 -1 -1 -1 -1
-1 -1 -1 -1 -1 -1
-1 -1 -1 -1 -1 -1
-7.6794 14.0229 46.3893 1.1201 0.0225 -0.1294
94.0458 32.9160 -7.5725 0.9961 0.2756 -0.0142
40.0305 38.2824 -21.3053 1.0193 0.0488 0.3831
57.4962 62.6412 -48.7710 1.0520 0.2397 0.4224
-1 -1 -1 -1 -1 -1
-5.8321 1.3893 -99.4733 0.9509 0.2134 -0.0430
35.0382 -15.3053 -44.1603 0.8152 -0.0576 -0.2742
-116.3970 -57.6794 -0.9008 0.7053 1.5576 -1.2805
15.2977 37.9160 33.2137 0.9546 0.1538 -0.2268
36.1450 35.6794 14.5420 0.9282 0.5107 -0.0496
13.3130 -24.1679 10.0992 0.9941 0.3259 -0.1335
-4.6794 -9.9389 14.7557 0.9109 0.3154 -0.1606
-9.8779 -5.7405 19.5878 0.8542 0.2637 -0.1831
-15.3969 -51.3282 33.6412 1.1338 0.2942 -0.6306
6.6565 -13.9542 5.5496 0.9944 0.1514 -0.2480
-0.5344 2.1832 2.7863 0.9673 0.1748 -0.2603
-2.3664 -6.4656 2.2824 0.9595 0.1343 -0.2004
-1.5573 -0.1756 1.6183 0.9707 0.1521 -0.2087
-3.0153 3.0458 -0.1298 0.9915 0.1299 -0.2031
-0.0916 2.3740 -0.8855 0.9802 0.1216 -0.2197
-0.6794 1.2901 -0.8779 0.9890 0.1155 -0.2141
-1.4580 2.4885 -1.2290 0.9783 0.1165 -0.2258
-1 -1 -1 -1 -1 -1
-1 -1 -1 -1 -1 -1
-1 -1 -1 -1 -1 -1
-1 -1 -1 -1 -1 -1
-1 -1 -1 -1 -1 -1
-1 -1 -1 -1 -1 -1
-1 -1 -1 -1 -1 -1
-1 -1 -1 -1 -1 -1
-1 -1 -1 -1 -1 -1
-1 -1 -1 -1 -1 -1
-1 -1 -1 -1 -1 -1
-1 -1 -1 -1 -1 -1
-1 -1 -1 -1 -1 -1
-1 -1 -1 -1 -1 -1
-9.7176 17.3130 -17.9237 0.9951 0.1575 -0.1587
-4.7252 13.9924 -17.8321 0.9548 0.2202 -0.1541
-3.2443 16.5802 -16.5573 0.9829 0.2112 -0.1689
-7.8168 44.2824 -13.9160 1.0376 0.2466 -0.0771
-2.2137 33.5496 -22.6565 0.9751 0.3223 -0.0906
-9.0153 58.7557 -32.0534 0.9429 0.4077 0.0054
16.2977 70.4886 -48.6641 1.2937 0.4983 0.0852
76.0458 -53.4351 -1.4122 0.7786 -1.0530 -0.4023
-88.7939 23.3969 144.4198 0.8787 -0.4260 -0.2778
-77.2366 -47.5802 81.7328 1.1145 0.4561 0.3796
-47.3664 -41.4656 -44.6565 0.8521 0.6501 0.8074
29.8092 -190.2519 9.4198 0.7615 0.0852 -0.4905
45.7252 -21.9847 -19.7252 1.0793 0.5605 -0.2361
-6.8397 -2.4122 11.7023 0.9233 0.1348 -0.2446
-4.9695 -2.6183 4.3511 0.9658 0.1438 -0.2563
-2.3511 5.0382 0.9924 0.9712 0.1069 -0.1995
0.1069 3.9389 -2.0687 0.9629 0.1187 -0.2266
-0.9695 2.1298 -2.9924 0.9636 0.1116 -0.1760
1.0000 3.2901 -3.0153 0.9731 0.1230 -0.1951
-1.9847 2.5496 -1.3053 0.9685 0.1113 -0.1958
-1.0534 3.0458 -1.9771 0.9639 0.1177 -0.2048
-1 -1 -1 -1 -1 -1
-1 -1 -1 -1 -1 -1
-1 -1 -1 -1 -1 -1
-1 -1 -1 -1 -1 -1
-1 -1 -1 -1 -1 -1
-1 -1 -1 -1 -1 -1
-1 -1 -1 -1 -1 -1
-1 -1 -1 -1 -1 -1
-1 -1 -1 -1 -1 -1
-1 -1 -1 -1 -1 -1
-1 -1 -1 -1 -1 -1
-1 -1 -1 -1 -1 -1
-1 -1 -1 -1 -1 -1
-1 -1 -1 -1 -1 -1
5.3740 6.9618 14.2290 1.0090 0.1458 -0.1934
98.1527 46.7634 29.6565 1.1416 -0.0610 -0.1365
40.1450 50.9847 -12.7863 0.7698 0.7993 0.7363
6.1832 54.7176 -63.8092 1.0261 0.2268 0.3179
5.1069 33.2290 -83.3283 0.9788 0.1904 0.0823
-9.3511 -22.7481 -59.8931 0.9480 -0.0950 -0.2805
53.2824 -23.5573 -16.1603 0.6414 -0.1023 -0.3425
-149.0916 -159.1756 103.9389 0.4141 1.1843 -0.7112
-15.0458 -145.9084 26.8397 0.6453 0.3198 -0.4565
-1.0840 1.7710 16.1145 0.9622 0.2737 -0.0110
15.8015 2.8244 12.5878 1.0249 0.2097 -0.0891
1.7634 0.6718 1.1985 0.8547 0.4858 0.0806
1.3969 4.6031 8.6641 0.8708 0.1194 -0.0803
2.9237 -19.6794 0.2519 0.9775 0.1033 -0.1777
5.8702 3.6565 0.1908 0.9365 0.1895 -0.1475
-0.6336 -2.2137 -1.1985 0.9590 0.1567 -0.2144
-1.7176 -0.2519 -0.1908 0.9858 0.1294 -0.1934
-1.3588 1.1679 1.0611 0.9709 0.1443 -0.2002
-1 -1 -1 -1 -1 -1
-1 -1 -1 -1 -1 -1
-1 -1 -1 -1 -1 -1
-1.9924 1.8244 -1.7176 0.9771 0.1375 -0.1841
-1 -1 -1 -1 -1 -1
-1.5267 4.0611 -2.1832 0.9766 0.1355 -0.1802
-1 -1 -1 -1 -1 -1
-1 -1 -1 -1 -1 -1
-1 -1 -1 -1 -1 -1
-1 -1 -1 -1 -1 -1
-1 -1 -1 -1 -1 -1
-1 -1 -1 -1 -1 -1
-1 -1 -1 -1 -1 -1
-3.4275 0.7023 -4.8855 0.9788 0.1365 -0.1543
-1 -1 -1 -1 -1 -1
-8.7786 5.1145 -17.7252 0.9038 0.1138 -0.1526
-2.9313 15.0611 -13.5267 0.9670 0.2144 -0.0996
-2.0840 18.1221 -11.7634 1.0171 0.2039 -0.0952
-11.1450 36.7328 -11.6794 0.9846 0.2815 -0.0049
-15.5038 47.5954 -19.0458 1.0090 0.3508 0.0515
-5.8855 82.8931 -26.3893 1.0508 0.4487 -0.0332
3.6870 -68.6336 -12.6641 0.8718 -0.1584 -0.1292
-64.4657 -29.8015 92.0611 0.6362 0.2305 -0.2251
-122.6336 -100.7939 59.7557 1.1321 0.1060 0.0288
-83.2672 -113.9771 -33.8779 1.1653 0.1475 0.3738
-46.1069 -155.2519 -37.3969 0.9031 0.4656 -1.0913
19.4962 84.3817 -51.3588 0.8718 0.6992 0.0134
0.2595 21.1145 -5.5802 0.8577 0.2305 -0.1541
-3.5267 -5.5954 -1.1527 0.8813 0.1526 -0.1853
-10.3588 -5.9466 2.8397 0.9448 0.1743 -0.2402
-5.0916 -3.4198 3.2901 0.9924 0.1035 -0.2212
-7.1450 -8.5954 5.6489 0.9858 0.1211 -0.2466
-6.0305 -14.0229 -1.0916 0.9458 0.1292 -0.2898
8.4198 11.3969 -7.8855 0.9302 0.1602 -0.2400
3.3893 16.7023 -7.4351 0.9463 0.2437 -0.1318
4.7405 9.9313 -4.2519 0.9558 0.1963 -0.1873
2.9618 6.5725 -2.1832 0.9497 0.1726 -0.1885
0.9618 5.6107 -1.3282 0.9551 0.1516 -0.2009
2.4580 6.0382 -1.8931 0.9717 0.1440 -0.1829
0.1603 3.1221 -3.5725 0.9749 0.1648 -0.1833
-1 -1 -1 -1 -1 -1
-1 -1 -1 -1 -1 -1
-1 -1 -1 -1 -1 -1
-1 -1 -1 -1 -1 -1
-1 -1 -1 -1 -1 -1
-1 -1 -1 -1 -1 -1
-1 -1 -1 -1 -1 -1
-1 -1 -1 -1 -1 -1
3.1908 4.5725 13.3130 0.9778 0.1472 -0.1414
134.7405 77.2443 -25.4198 1.0632 0.1343 0.2466
-1.2366 55.9771 5.2443 1.0544 0.1890 0.3162
49.5420 69.9618 -45.0305 0.9839 0.2444 0.2856
24.2519 43.1908 -63.2672 0.9597 0.3242 0.2449
-10.8626 13.6565 -64.2824 0.8926 0.1667 0.0447
7.6489 -39.0458 -44.7786 0.7437 -0.0212 -0.1970
166.3588 -108.5496 44.2137 0.5295 1.9893 -1.7644
25.3359 -36.8168 46.5420 1.7944 0.0522 0.8862
4.0992 -10.3206 17.2443 0.9414 0.2827 0.1248
-1.6870 -20.5420 11.8550 1.0032 0.2239 -0.1311
1.3969 -7.6260 10.8244 0.9690 0.1523 -0.1348
52.1221 -87.2824 58.2290 1.0515 0.2651 -0.9414
0.9389 0.8473 8.9237 1.0564 0.1448 -0.1565
-4.7939 -13.7405 6.1527 1.0198 0.1516 -0.2571
-7.4351 -4.4275 8.0305 0.9719 0.1384 -0.1499
-0.6565 3.4962 2.8931 1.0020 0.1133 -0.1948
-0.8168 -1.5725 -2.0687 0.9861 0.1062 -0.1914
-0.3969 1.9084 -1.2748 0.9783 0.1006 -0.2026
-1 -1 -1 -1 -1 -1
-1 -1 -1 -1 -1 -1
-1 -1 -1 -1 -1 -1
-1 -1 -1 -1 -1 -1
-1 -1 -1 -1 -1 -1
-2.1374 2.0229 -1.0840 0.9705 0.1123 -0.2021
-1 -1 -1 -1 -1 -1
-1 -1 -1 -1 -1 -1
-1 -1 -1 -1 -1 -1
-1 -1 -1 -1 -1 -1
-1 -1 -1 -1 -1 -1
-1 -1 -1 -1 -1 -1
-1 -1 -1 -1 -1 -1
-1 -1 -1 -1 -1 -1
-1 -1 -1 -1 -1 -1
0.0763 22.0153 -13.8626 1.0068 0.1904 -0.1514
-6.0229 12.5725 -12.4275 0.9924 0.1719 -0.1409
1.2214 37.8931 -14.0840 1.0229 0.1790 -0.1631
-2.6947 64.8168 -8.3435 0.9958 0.2295 0.0149
-17.4275 56.8168 -9.6794 0.9958 0.2993 0.0684
31.0153 93.4733 -43.7176 1.4424 0.4321 -0.0627
-23.6489 -28.4046 28.0458 0.7756 -0.8047 -0.2422
-49.8168 -69.1679 86.7252 1.0571 -0.2053 -0.1355
-39.0076 -62.5802 52.2748 1.0864 0.4351 0.3481
-95.4122 -82.3817 0.9084 1.1021 0.0466 0.1345
71.1985 250.1298 -67.9466 1.9999 -0.0137 1.9999
45.6260 60.8702 -76.6947 0.8967 -0.1716 -0.0696
-0.1985 30.6260 3.0076 1.0845 0.1304 -0.0793
3.9542 6.4504 -5.4962 0.9343 0.2031 -0.1155
3.8015 10.6947 -4.5115 0.9548 0.1438 -0.1558
-1.6947 2.8550 -0.3740 0.9827 0.1292 -0.1301
-2.7481 3.2595 -0.8168 0.9900 0.1130 -0.1282
-0.4962 1.9771 -4.7176 0.9873 0.1218 -0.1213
-0.8931 1.3130 -2.8015 0.9875 0.1350 -0.1284
-0.6031 1.6183 -3.7481 0.9905 0.1299 -0.1299
-1 -1 -1 -1 -1 -1
-1 -1 -1 -1 -1 -1
-1 -1 -1 -1 -1 -1
-1 -1 -1 -1 -1 -1
-0.3664 0.2595 -0.6183 0.9900 0.1465 -0.1536
-1 -1 -1 -1 -1 -1
-1 -1 -1 -1 -1 -1
-1 -1 -1 -1 -1 -1
-1 -1 -1 -1 -1 -1
-1 -1 -1 -1 -1 -1
-1 -1 -1 -1 -1 -1
-1 -1 -1 -1 -1 -1
-1 -1 -1 -1 -1 -1
-2.4046 6.3053 14.8931 0.9697 0.1362 -0.1709
6.8244 19.8626 35.9313 1.0710 0.0642 -0.1570
90.1145 49.8092 4.9466 1.0608 0.1194 0.2832
75.9008 41.9618 -41.9924 1.0049 0.6897 0.6833
13.7634 51.7786 -57.2061 1.0444 0.1680 0.3032
-9.4427 24.7786 -84.0153 0.9448 0.1487 0.0520
-1.9847 -35.6870 -75.8550 1.0427 0.0552 -0.1555
51.7023 -28.0382 8.5954 0.7251 -0.3621 -0.2573
12.4580 12.4962 76.7405 0.5452 0.3237 -0.5151
-0.3664 -19.4198 21.0916 1.0669 0.1331 -0.1721
7.4427 -30.5573 13.6412 0.9961 0.2227 -0.0945
10.7634 -8.2290 4.3511 0.9790 0.1770 -0.0745
49.2672 -1.5802 13.2443 0.9846 0.0901 0.0210
-8.3435 62.6641 -3.8473 1.0422 0.2163 -0.0476
-3.9160 -4.6489 6.7252 0.9316 0.1589 -0.0850
2.3206 15.5573 2.6260 0.9631 0.1482 -0.1750
-7.3053 -2.3588 2.6336 0.9932 0.0972 -0.1897
0.4733 1.8473 -0.6412 0.9841 0.0928 -0.1926
-1.5038 2.4122 -2.4809 0.9814 0.1121 -0.1931
-0.8397 2.0153 -2.0229 0.9780 0.0989 -0.1882
-1.1756 1.4656 -1.6336 0.9893 0.1028 -0.1973
-1 -1 -1 -1 -1 -1
-1 -1 -1 -1 -1 -1
-1 -1 -1 -1 -1 -1
-1 -1 -1 -1 -1 -1
-1 -1 -1 -1 -1 -1
-1 -1 -1 -1 -1 -1
-1 -1 -1 -1 -1 -1
-1 -1 -1 -1 -1 -1
-1 -1 -1 -1 -1 -1
-1 -1 -1 -1 -1 -1
-1 -1 -1 -1 -1 -1
-1 -1 -1 -1 -1 -1
-1 -1 -1 -1 -1 -1
-1 -1 -1 -1 -1 -1
-1 -1 -1 -1 -1 -1
-1 -1 -1 -1 -1 -1
-1 -1 -1 -1 -1 -1
-1 -1 -1 -1 -1 -1
-1 -1 -1 -1 -1 -1
-3.7252 -10.6336 -2.4046 0.9131 0.1797 -0.0679
-17.4733 11.6031 -14.3511 0.9712 0.1265 -0.1960
-14.8626 27.5496 6.1069 0.9456 0.1594 -0.1406
-4.0229 41.2824 6.4733 1.0208 0.1558 -0.1084
-4.5573 50.4885 10.6412 1.0066 0.1050 0.0647
-5.4580 48.5802 -8.3435 1.0459 0.1536 0.0581
-11.0153 50.6183 -44.5344 1.0686 0.2744 0.0825
18.1221 19.9084 -81.6260 1.1370 0.4482 0.1248
-51.2748 -0.7863 27.4122 1.1316 -0.7134 0.4172
22.5191 -21.4809 34.7099 0.9492 0.2246 -0.0205
-80.2519 -43.0687 106.8626 1.1616 0.4978 0.2695
-62.0000 -35.3817 54.1985 1.0906 0.4517 0.1897
-26.5420 -42.4809 -0.0611 0.8281 0.2896 0.4011
-3.3817 -64.4275 -8.7405 1.0027 0.0171 -0.2271
-6.1527 -23.0000 -6.7710 0.9590 0.3447 -0.0969
1.8092 1.9237 1.8168 1.0178 0.0603 -0.1604
-5.0840 -5.5649 0.4962 1.0120 0.0833 -0.1631
-0.7176 1.6489 -2.0000 0.9885 0.0950 -0.1555
-4.0458 -0.2137 0.7328 0.9900 0.1084 -0.1780
-3.8244 -1.0992 0.5878 0.9849 0.0872 -0.1689
-2.0992 1.7252 -2.0916 0.9832 0.1038 -0.1665
-1 -1 -1 -1 -1 -1
-1 -1 -1 -1 -1 -1
-1.9160 0.6031 -1.8092 0.9822 0.0947 -0.1680
-2.2901 1.1374 -1.5802 0.9832 0.0977 -0.1641
-1 -1 -1 -1 -1 -1
-1 -1 -1 -1 -1 -1
-1 -1 -1 -1 -1 -1
-1 -1 -1 -1 -1 -1
-1 -1 -1 -1 -1 -1
-1 -1 -1 -1 -1 -1
-1 -1 -1 -1 -1 -1
-1 -1 -1 -1 -1 -1
-1 -1 -1 -1 -1 -1
-1 -1 -1 -1 -1 -1
-1 -1 -1 -1 -1 -1
-1 -1 -1 -1 -1 -1
-1 -1 -1 -1 -1 -1
-1 -1 -1 -1 -1 -1
-1 -1 -1 -1 -1 -1
-1 -1 -1 -1 -1 -1
-1 -1 -1 -1 -1 -1
-1 -1 -1 -1 -1 -1
-1 -1 -1 -1 -1 -1
-1 -1 -1 -1 -1 -1
10.5191 8.9924 0.0534 1.0447 0.0508 -0.0559
100.0992 4.7099 -26.4809 1.1033 0.1519 0.0398
-1 -1 -1 -1 -1 -1
35.6794 43.2595 -48.9695 1.0500 0.2268 0.1711
15.4122 57.3817 -44.1221 1.0212 0.3237 0.1799
-1 -1 -1 -1 -1 -1
-21.9389 -4.6031 -42.7786 0.7798 0.3259 0.0457
-61.8931 -6.6336 -2.2443 0.7522 0.2217 0.0608
15.4275 43.1069 78.9160 1.4663 -1.8716 1.2957
-62.2595 -75.9160 36.1756 0.2644 0.4587 0.3337
2.1527 -44.6947 21.7863 0.7834 0.2148 -0.1716
1.2443 -32.6107 18.2977 0.9197 0.3042 0.0691
10.3740 -26.9389 10.1679 0.9917 0.1829 -0.0520
5.5191 -13.4504 8.5573 0.9824 0.1780 -0.1184
2.5420 -15.5802 2.3130 0.9622 0.1021 -0.2209
-7.8550 -18.1908 7.0153 1.1016 0.1562 -0.3264
1.7023 14.6870 -3.6947 0.9675 0.0896 -0.1487
-1.5191 1.0611 -0.1450 0.9719 0.1116 -0.2234
-5.0916 -1.4962 1.2977 0.9915 0.0845 -0.1609
-6.6336 0.1908 1.8779 0.9771 0.1143 -0.1943
-4.6031 3.0229 0.0000 0.9739 0.0991 -0.2029
-1 -1 -1 -1 -1 -1
-1.4122 4.3130 -1.7023 0.9722 0.1108 -0.1787
-1 -1 -1 -1 -1 -1
-1 -1 -1 -1 -1 -1
-1 -1 -1 -1 -1 -1
-1 -1 -1 -1 -1 -1
-2.9771 -0.6412 -3.0458 0.9768 0.1174 -0.1838
-1 -1 -1 -1 -1 -1
-1 -1 -1 -1 -1 -1
-1 -1 -1 -1 -1 -1
-1 -1 -1 -1 -1 -1
-1 -1 -1 -1 -1 -1
-1 -1 -1 -1 -1 -1
-1 -1 -1 -1 -1 -1
-1 -1 -1 -1 -1 -1
-1 -1 -1 -1 -1 -1
-1 -1 -1 -1 -1 -1
-1 -1 -1 -1 -1 -1
-1 -1 -1 -1 -1 -1
-14.2061 -3.5344 -7.4351 0.9526 0.1030 -0.1729
-2.6565 9.6641 -11.3588 0.9771 0.1946 -0.1697
-4.9847 26.5191 -7.3588 0.9570 0.1504 -0.0750
3.4046 32.9008 -12.8473 1.0125 0.1450 -0.1541
-4.1756 52.3664 -17.3053 1.0039 0.2739 0.0322
-3.2901 66.0153 -7.8168 1.0742 0.2744 -0.0300
14.5496 54.6870 -39.8931 1.2073 0.3916 0.1162
10.2748 20.3206 29.3969 1.3525 -0.8826 0.6445
-35.7634 -65.2443 70.0382 1.1226 -0.0828 -0.0142
-11.0840 -71.0916 63.8931 1.2187 0.3938 0.2822
-74.2443 -51.6031 15.5115 0.9111 0.3296 0.3137
-46.9924 -1.4885 -22.6183 1.0476 -0.0366 0.1013
17.0916 82.4733 -61.5420 0.4917 0.2412 0.0942
-10.0840 31.3893 3.1603 0.8833 0.2339 -0.1770
-0.2595 4.0687 -0.8779 0.9121 0.1780 -0.2231
6.5573 4.4198 -11.5115 0.9055 0.1453 -0.1843
-1 -1 -1 -1 -1 -1
-4.7786 0.3282 1.9847 0.9829 0.1277 -0.1484
-0.0076 3.9695 -1.5344 0.9951 0.1143 -0.1421
0.0687 3.1908 -2.0687 0.9919 0.1052 -0.1624
-1.9389 1.1527 1.1908 0.9883 0.1218 -0.1509
-0.6336 1.6870 -1.7481 0.9846 0.1218 -0.1621
-0.5344 2.0229 -2.0763 0.9819 0.1135 -0.1597
0.4656 0.9389 -2.1985 0.9861 0.1145 -0.1616
-1 -1 -1 -1 -1 -1
-1 -1 -1 -1 -1 -1
-1 -1 -1 -1 -1 -1
-1 -1 -1 -1 -1 -1
-1 -1 -1 -1 -1 -1
-1 -1 -1 -1 -1 -1
-1 -1 -1 -1 -1 -1
-1 -1 -1 -1 -1 -1
-1 -1 -1 -1 -1 -1
-1 -1 -1 -1 -1 -1
-1 -1 -1 -1 -1 -1
-1 -1 -1 -1 -1 -1
-1 -1 -1 -1 -1 -1
-0.9160 0.2290 0.3893 0.9822 0.1108 -0.1826
1.9084 1.2290 -4.3817 0.9844 0.1055 -0.1763
0.0611 1.4809 -0.8397 0.9802 0.1147 -0.1938
1.4580 6.9466 4.1527 0.9849 0.1106 -0.1719
-1 -1 -1 -1 -1 -1
10.1527 22.9847 26.6336 1.0457 0.0251 -0.1428
95.9695 68.8168 2.4504 1.0828 0.0320 0.4207
26.2214 37.7939 -29.5954 1.0669 0.3469 0.4482
-1 -1 -1 -1 -1 -1
16.6794 49.9237 -62.0382 0.9807 0.3469 0.1355
15.5802 4.6718 -78.6794 0.7915 0.4075 -0.0483
5.5344 -38.6870 -72.7023 0.9956 -0.0034 -0.1592
7.4198 -31.8473 25.3893 0.8320 0.4360 -0.1609
-21.6107 -29.5573 -57.4580 1.5466 0.4854 -0.1697
-20.2443 -47.0534 42.1603 1.0608 0.1345 -0.1487
-3.7023 -9.4351 19.1679 0.9519 0.2109 0.0076
-0.1832 -7.9466 13.9542 0.9617 0.2383 -0.0586
-38.9618 -12.1374 18.1756 0.8950 0.2200 -0.0662
-7.2061 -1.2748 15.9389 0.8657 0.1062 -0.0798
-1.4733 -15.1985 4.9771 1.0012 0.1013 -0.2119
-2.2901 -7.3053 7.8931 0.9839 0.1304 -0.1426
-1.8397 -4.3359 4.3511 0.9988 0.1125 -0.1538
-1.5725 -0.7939 -0.2977 0.9741 0.1304 -0.1641
-1.0534 0.4962 1.4198 0.9993 0.1160 -0.1765
-3.2901 1.4733 0.4198 0.9861 0.1045 -0.1750
-2.1679 -2.0382 -0.0076 0.9905 0.1035 -0.1631
-2.1069 -0.9771 -0.6565 0.9758 0.1074 -0.1782
-1 -1 -1 -1 -1 -1
-1 -1 -1 -1 -1 -1
-1.5420 -0.1069 -1.2137 0.9790 0.1003 -0.1770
-1 -1 -1 -1 -1 -1
-1 -1 -1 -1 -1 -1
-1 -1 -1 -1 -1 -1
-1 -1 -1 -1 -1 -1
-1 -1 -1 -1 -1 -1
-1 -1 -1 -1 -1 -1
-1 -1 -1 -1 -1 -1
-1 -1 -1 -1 -1 -1
-1 -1 -1 -1 -1 -1
-1 -1 -1 -1 -1 -1
-1 -1 -1 -1 -1 -1
-9.3817 -16.5420 -6.9618 0.9478 0.1526 -0.1328
-12.9313 0.0229 -8.3130 1.0066 0.0522 -0.3428
-2.2672 22.6641 -15.8550 0.9456 0.1594 -0.1782
-8.2443 23.3588 -17.5573 0.9856 0.2061 -0.1160
-5.3435 26.0611 -17.0992 0.9873 0.2385 -0.1001
-5.4351 38.7252 -22.3588 0.9746 0.2727 -0.0693
-7.8550 56.2824 -26.3206 1.0063 0.3633 0.0247
-10.4122 55.6412 -33.8931 1.0103 0.4109 0.0916
86.6565 -36.5649 -18.6336 1.0520 -0.0710 -0.2368
-75.2977 -18.4275 108.7176 0.5642 0.4771 0.1660
-50.4122 -69.6183 68.8779 1.1167 0.3145 0.2170
-147.8321 -56.4733 66.4351 0.9905 0.0588 -0.0559
3.7481 -73.9160 -76.9924 1.1912 0.7173 0.1045
57.4885 -21.7557 -2.3359 0.9924 -0.1990 -1.0579
21.0534 -34.8702 -10.7634 1.0906 0.0002 -0.3105
4.3817 19.7176 -7.2137 0.9705 0.0713 -0.2012
2.3511 0.7176 -1.2061 0.9758 0.0938 -0.2004
-0.8702 5.2137 -1.0305 0.9827 0.1035 -0.1543
-1.1374 2.1603 -1.6260 0.9902 0.1128 -0.1616
-1.8397 2.6489 -0.7557 0.9897 0.1150 -0.1523
-1.0000 1.3664 -2.3969 0.9807 0.1135 -0.1731
-0.5420 2.3359 -2.6565 0.9861 0.1099 -0.1565
-1 -1 -1 -1 -1 -1
-1 -1 -1 -1 -1 -1
-1 -1 -1 -1 -1 -1
-1 -1 -1 -1 -1 -1
-1 -1 -1 -1 -1 -1
-1 -1 -1 -1 -1 -1
-1 -1 -1 -1 -1 -1
-1 -1 -1 -1 -1 -1
-1 -1 -1 -1 -1 -1
-1 -1 -1 -1 -1 -1
-1 -1 -1 -1 -1 -1
-1 -1 -1 -1 -1 -1
-1 -1 -1 -1 -1 -1
-1 -1 -1 -1 -1 -1
3.6031 7.4809 13.1756 0.9734 0.1306 -0.1707
8.6794 23.2519 17.8397 0.9802 0.0786 -0.1482
-1 -1 -1 -1 -1 -1
22.8092 11.6794 10.8244 1.1428 -0.1387 0.0625
91.5344 134.6488 -38.6870 1.2366 0.6221 0.8428
-1 -1 -1 -1 -1 -1
15.7557 42.6183 -87.2748 1.0049 0.1985 0.0640
-1 -1 -1 -1 -1 -1
-8.2595 -20.1527 -3.8931 0.8152 -0.1846 -0.1731
62.4809 -203.7786 22.8397 1.9999 -0.0542 0.2065
-16.7405 -27.3817 9.2824 1.0076 0.2493 0.0679
12.9160 -30.0229 15.2443 1.0217 0.2178 -0.0771
5.9466 -16.3511 13.3588 0.9973 0.1716 -0.1646
8.0534 -12.6718 13.7252 1.0017 0.1411 -0.1387
6.0611 27.6718 -2.5191 1.2393 -0.1433 -0.1174
0.7176 13.9847 -2.3282 0.9802 0.1409 -0.1536
-3.2214 3.7557 5.2061 0.9885 0.1262 -0.1785
-5.5802 -4.2366 3.8244 0.9736 0.0935 -0.1951
-1 -1 -1 -1 -1 -1
-1.5496 1.8779 0.2366 0.9834 0.1062 -0.1875
-1 -1 -1 -1 -1 -1
-1 -1 -1 -1 -1 -1
-1 -1 -1 -1 -1 -1
-1 -1 -1 -1 -1 -1
-1 -1 -1 -1 -1 -1
-1 -1 -1 -1 -1 -1
-1.5649 2.2519 -2.1985 0.9800 0.0906 -0.1902
-1 -1 -1 -1 -1 -1
-1 -1 -1 -1 -1 -1
-1 -1 -1 -1 -1 -1
-1 -1 -1 -1 -1 -1
-1 -1 -1 -1 -1 -1
-1 -1 -1 -1 -1 -1
-1 -1 -1 -1 -1 -1
-1 -1 -1 -1 -1 -1
-1 -1 -1 -1 -1 -1
-1 -1 -1 -1 -1 -1
-1 -1 -1 -1 -1 -1
-8.9771 0.7099 -8.9008 0.9705 0.1370 -0.1384
-7.8550 -3.1298 -12.5496 0.9968 0.1287 -0.1650
-8.6794 14.2290 -9.2519 0.9539 0.1658 -0.1321
-3.1069 13.0076 -10.2824 1.0408 0.1646 -0.1252
-5.9313 43.7481 -17.7328 1.0127 0.2078 -0.0864
-10.7863 51.2214 -21.3282 0.9861 0.3164 -0.0225
-6.5725 81.1756 -27.5496 1.0068 0.3840 0.0378
60.1985 56.5344 -48.1145 1.5024 0.4102 -0.1653
-49.9466 40.6336 93.5115 0.8262 -0.7896 -0.0037
-6.9542 -55.0763 84.4351 1.2881 -0.0840 0.1951
-83.4428 -62.7939 66.6336 1.0161 0.4954 0.3611
-39.1450 -66.5725 -16.5802 0.9111 0.2971 0.2520
-43.4809 -231.5038 16.5649 1.1311 0.0249 -0.6145
11.5878 -16.7786 -11.2290 0.9001 0.7917 0.0662
-4.8092 -7.6718 5.4885 0.9829 0.0735 -0.1157
-5.0763 -2.4351 3.4504 1.0105 0.0950 -0.1294
-0.5496 3.3282 -3.8397 0.9983 0.0911 -0.1206
-1 -1 -1 -1 -1 -1
-1 -1 -1 -1 -1 -1
1.0229 -0.4046 -4.3893 0.9980 0.0986 -0.1355
-1 -1 -1 -1 -1 -1
-1 -1 -1 -1 -1 -1
-1 -1 -1 -1 -1 -1
-1 -1 -1 -1 -1 -1
-1 -1 -1 -1 -1 -1
-1 -1 -1 -1 -1 -1
-1 -1 -1 -1 -1 -1
-1 -1 -1 -1 -1 -1
-1 -1 -1 -1 -1 -1
-1 -1 -1 -1 -1 -1
-1 -1 -1 -1 -1 -1
-1 -1 -1 -1 -1 -1
-1 -1 -1 -1 -1 -1
-1 -1 -1 -1 -1 -1
-1 -1 -1 -1 -1 -1
-1 -1 -1 -1 -1 -1
-1 -1 -1 -1 -1 -1
-1 -1 -1 -1 -1 -1
-1 -1 -1 -1 -1 -1
-1 -1 -1 -1 -1 -1
-1 -1 -1 -1 -1 -1
-1 -1 -1 -1 -1 -1
-0.4885 5.9313 4.3130 0.9880 0.0696 -0.1836
19.2824 33.3969 31.9542 1.1226 -0.0044 -0.0833
193.2137 52.8702 -39.5878 1.1135 0.4292 0.4956
-12.1374 47.3053 -40.4275 0.9578 0.1719 0.4536
-1 -1 -1 -1 -1 -1
-1 -1 -1 -1 -1 -1
11.6107 -8.9008 -13.4656 0.7000 -0.2358 -0.2424
63.5496 29.2977 -17.7786 1.9999 0.1252 0.4661
-68.9618 -2.3359 25.4046 0.4275 0.7144 -0.0503
5.1679 -16.7557 26.7099 1.0603 0.1990 0.1558
8.8931 3.3359 15.2290 1.0293 0.2104 -0.0718
0.5267 -5.0763 11.2595 0.9663 0.2007 -0.1184
6.7710 -8.8244 23.2519 1.0056 -0.2029 -0.1008
1.1679 86.2290 -5.2366 0.9561 0.1758 -0.0273
-4.1908 -5.9389 -0.7405 0.9448 0.0977 -0.1316
-0.5496 -10.8244 4.5649 0.9858 0.1455 -0.1743
-4.7786 -0.6107 1.6718 0.9829 0.1296 -0.1812
1.4656 5.5725 -1.0687 0.9702 0.0977 -0.1682
-0.6412 4.1832 0.6641 0.9934 0.0981 -0.1677
-2.1145 2.7099 -2.1221 0.9863 0.1082 -0.1663
-1.1374 2.8855 -0.2366 0.9824 0.1138 -0.1611
-1.6107 0.5878 -1.4885 0.9871 0.1018 -0.1604
-1.7252 1.4427 -2.8244 0.9807 0.1052 -0.1628
-1 -1 -1 -1 -1 -1
-1 -1 -1 -1 -1 -1
-1 -1 -1 -1 -1 -1
-1 -1 -1 -1 -1 -1
-1 -1 -1 -1 -1 -1
-1 -1 -1 -1 -1 -1
-2.1298 1.9389 -1.8092 0.9841 0.1125 -0.1672
-2.0000 1.5954 -2.5573 0.9819 0.1125 -0.1606
-1 -1 -1 -1 -1 -1
-1 -1 -1 -1 -1 -1
-1 -1 -1 -1 -1 -1
-1 -1 -1 -1 -1 -1
-1 -1 -1 -1 -1 -1
-1 -1 -1 -1 -1 -1
-1 -1 -1 -1 -1 -1
-1 -1 -1 -1 -1 -1
-1 -1 -1 -1 -1 -1
-8.2061 17.8855 -16.3130 0.9597 0.1143 -0.1453
-3.3359 30.6107 -17.9237 0.9658 0.2708 -0.1294
-10.9237 23.5802 -10.6183 0.9287 0.3018 -0.0269
-9.7023 17.7328 -7.6107 0.9473 0.2422 -0.1067
-13.9924 56.4427 -17.0076 1.0225 0.2625 -0.0662
-3.3893 74.9542 -33.8092 1.1873 0.4263 -0.1262
78.0000 -36.6718 -38.0458 0.8008 -0.3477 -0.1401
-67.1374 -0.2443 92.6031 0.7236 0.3601 -0.1323
-49.6031 -45.7481 70.4198 1.0703 0.2390 0.2043
-92.9084 -33.8092 11.2901 1.1331 0.6179 0.4846
-25.2443 23.9847 -64.6412 1.6748 -0.1311 1.0408
40.7099 6.7634 -19.6947 0.9097 -0.3203 -0.6323
-1 -1 -1 -1 -1 -1
-0.2519 7.7786 -4.2290 0.9961 0.1323 -0.1492
-1 -1 -1 -1 -1 -1
-1.1756 1.8779 -1.6336 0.9836 0.1157 -0.1685
-1 -1 -1 -1 -1 -1
-1.4275 0.8550 -2.3206 0.9824 0.1050 -0.1787
-1 -1 -1 -1 -1 -1
-1 -1 -1 -1 -1 -1
-1 -1 -1 -1 -1 -1
-1 -1 -1 -1 -1 -1
-1 -1 -1 -1 -1 -1
-1 -1 -1 -1 -1 -1
-1 -1 -1 -1 -1 -1
-1 -1 -1 -1 -1 -1
-1 -1 -1 -1 -1 -1
-1 -1 -1 -1 -1 -1
-1 -1 -1 -1 -1 -1
-1 -1 -1 -1 -1 -1
-1 -1 -1 -1 -1 -1
-1 -1 -1 -1 -1 -1
-1 -1 -1 -1 -1 -1
-1 -1 -1 -1 -1 -1
-1 -1 -1 -1 -1 -1
2.4504 19.1832 22.7405 1.0081 0.1218 -0.1401
192.6183 68.9084 -7.9847 1.0706 0.0542 0.0354
-12.7863 45.0534 -24.0382 0.9812 0.4043 0.5393
23.7786 53.2366 -75.3970 1.0435 0.3032 0.2258
-1 -1 -1 -1 -1 -1
-35.9313 -38.9618 -82.7176 0.9568 0.0449 -0.0461
-54.1603 -19.4046 32.9771 0.5562 -0.1270 -0.2817
90.7939 -25.9389 50.1145 1.9999 0.2661 0.0066
3.5038 -71.7863 16.2366 1.0107 0.2285 -0.0415
-2.7328 -24.2519 28.2901 0.9814 0.2378 -0.0911
5.8779 -5.8321 14.0534 1.0107 0.2271 -0.1477
10.0458 -15.5954 12.8473 1.0029 0.1494 -0.1538
-18.0382 12.7252 3.7939 0.8962 0.1450 -0.3652
-2.1985 -10.0840 3.1145 0.9875 0.1157 -0.1960
-1.5267 2.8855 5.7405 0.9692 0.1582 -0.1689
-5.5725 -5.2061 5.9084 0.9861 0.0981 -0.2031
-2.5725 0.3893 2.9237 0.9758 0.1213 -0.2009
-3.3664 0.0687 1.6260 0.9692 0.1172 -0.1885
-3.0153 0.9847 0.6107 0.9656 0.1157 -0.1875
-1 -1 -1 -1 -1 -1
-1.2061 2.6641 -3.1221 0.9751 0.1069 -0.2085
-1.4351 2.0840 -2.0305 0.9749 0.1140 -0.1951
-2.0611 2.0611 -1.1908 0.9663 0.1116 -0.2004
-0.7939 2.6260 -1.4275 0.9812 0.1133 -0.1919
-1 -1 -1 -1 -1 -1
-1 -1 -1 -1 -1 -1
-1 -1 -1 -1 -1 -1
-1 -1 -1 -1 -1 -1
-1 -1 -1 -1 -1 -1
-1 -1 -1 -1 -1 -1
-1 -1 -1 -1 -1 -1
-1 -1 -1 -1 -1 -1
-1 -1 -1 -1 -1 -1
-1 -1 -1 -1 -1 -1
-1 -1 -1 -1 -1 -1
-1 -1 -1 -1 -1 -1
-1 -1 -1 -1 -1 -1
-1 -1 -1 -1 -1 -1
-1 -1 -1 -1 -1 -1
2.3664 -1.4427 -9.1527 0.9790 0.1785 -0.1804
-14.2901 13.8321 -15.5649 0.9932 0.1897 -0.1030
-1.5344 30.4275 -17.3359 0.9714 0.2036 -0.1335
-3.0382 27.6336 -16.8626 0.9900 0.2180 -0.1140
-0.8550 29.5038 -16.5725 0.9863 0.2214 -0.0674
-9.8626 43.2366 -24.6260 1.0200 0.2795 -0.0432
23.5191 55.1145 -41.7939 1.2036 0.3735 -0.3103
7.1374 -65.6870 -14.2214 0.6233 -0.6143 0.0100
-81.8550 -46.0611 94.2443 0.8020 0.2288 -0.1431
-6.6412 -40.5038 74.5115 1.0745 0.4333 0.1829
-112.4351 -96.2748 23.4962 1.0574 0.4490 0.0959
-11.9695 81.7786 -50.2443 1.9999 -0.5110 1.7212
49.1221 47.8779 -39.9695 1.1138 -0.2520 -0.4797
19.1069 -13.2901 9.6107 1.0505 -0.0728 -0.3550
9.3588 7.4351 -4.2061 0.9417 0.1255 -0.1655
3.7863 11.1603 -1.2977 1.0039 0.0730 -0.1587
1.6947 3.3130 -1.1908 0.9888 0.1199 -0.1428
-0.0763 3.9542 -0.3206 0.9783 0.1094 -0.1436
-0.4504 2.9237 -1.4809 0.9795 0.0969 -0.1570
-1 -1 -1 -1 -1 -1
-1 -1 -1 -1 -1 -1
-1 -1 -1 -1 -1 -1
-1 -1 -1 -1 -1 -1
-1 -1 -1 -1 -1 -1
-1 -1 -1 -1 -1 -1
-1 -1 -1 -1 -1 -1
-1 -1 -1 -1 -1 -1
-1 -1 -1 -1 -1 -1
-1 -1 -1 -1 -1 -1
-1 -1 -1 -1 -1 -1
-1 -1 -1 -1 -1 -1
-1 -1 -1 -1 -1 -1
-1 -1 -1 -1 -1 -1
-1 -1 -1 -1 -1 -1
-1 -1 -1 -1 -1 -1
-1 -1 -1 -1 -1 -1
-1 -1 -1 -1 -1 -1
-1 -1 -1 -1 -1 -1
-1 -1 -1 -1 -1 -1
-6.0458 5.0763 6.4198 0.9766 0.0872 -0.1892
-1 -1 -1 -1 -1 -1
-21.7252 53.9389 -13.3817 0.9814 0.5879 0.4290
17.2595 58.6336 -53.3130 0.9944 0.1401 0.1597
33.3359 43.4962 -58.7634 0.9910 0.2319 0.1387
7.4427 17.3969 -42.2519 0.9014 0.1997 0.1426
11.5038 -4.6336 -23.9389 0.7727 0.2026 0.1301
-60.4885 -32.9237 18.6107 0.7927 0.3286 -0.0293
-26.3893 -72.8550 -92.5649 1.7195 1.9999 -0.7952
-32.9237 -44.3893 42.3359 0.9250 0.6621 0.2527
-7.1756 -33.5878 23.6718 0.9402 0.2314 -0.0281
-3.7710 -10.1679 10.5802 0.9873 0.2300 -0.0662
6.8550 -1.6183 13.3282 0.9817 0.1624 -0.0825
51.6336 -29.0992 19.0611 0.7952 -0.2644 -0.6511
3.8092 -5.3969 5.9618 0.9641 0.1516 -0.0527
-0.1145 -4.4656 -0.5115 0.9380 0.1687 -0.1514
-2.5191 -2.5802 8.3588 0.9561 0.1736 -0.1794
-1.7634 3.0305 -1.2366 0.9792 0.1313 -0.1665
-1.0687 2.4275 -3.2443 0.9802 0.0979 -0.1812
-3.2137 -3.5954 2.6183 0.9727 0.1240 -0.1741
-1.3130 1.2443 -1.2214 0.9790 0.1035 -0.1699
-1.6718 1.7099 -2.4427 0.9805 0.1057 -0.1736
-1.6947 2.1221 -1.2824 0.9858 0.1128 -0.1770
-3.0763 0.4733 -0.6641 0.9700 0.1123 -0.1804
-1 -1 -1 -1 -1 -1
-1 -1 -1 -1 -1 -1
-1 -1 -1 -1 -1 -1
-1 -1 -1 -1 -1 -1
-1 -1 -1 -1 -1 -1
-1 -1 -1 -1 -1 -1
-1 -1 -1 -1 -1 -1
-1 -1 -1 -1 -1 -1
-1 -1 -1 -1 -1 -1
-1 -1 -1 -1 -1 -1
-1 -1 -1 -1 -1 -1
-1 -1 -1 -1 -1 -1
-5.6794 1.3435 -5.9847 0.9626 0.1582 -0.1978
-1 -1 -1 -1 -1 -1
-1 -1 -1 -1 -1 -1
-6.8168 20.4198 -10.2366 0.9763 0.1467 -0.2041
-1 -1 -1 -1 -1 -1
-1 -1 -1 -1 -1 -1
-11.9466 32.1985 -9.4733 0.9443 0.2539 -0.0391
-6.4656 32.0305 -21.6718 0.9880 0.2551 -0.0269
-3.1221 74.3970 -33.5344 1.0342 0.3076 0.0430
131.0076 82.4809 -58.7176 1.2249 0.2900 -0.5054
-65.1374 -40.3435 135.2748 0.5439 -0.0542 -0.0459
-31.7634 -39.0000 72.3664 0.9683 0.2874 0.1475
-143.8626 -104.4504 43.4504 0.9973 0.2903 0.0225
59.7328 41.8397 -20.3359 0.2126 -0.5388 0.9692
-2.4809 136.1298 -107.1832 0.6963 0.1182 0.2117
-8.0611 31.5420 -1.7405 1.0051 0.1941 -0.0950
-1 -1 -1 -1 -1 -1
2.0305 11.0611 -1.5420 0.9683 0.1025 -0.1526
0.1985 3.7863 -3.1374 0.9885 0.1035 -0.1633
-2.5344 2.2901 -1.0229 0.9800 0.1113 -0.1753
-2.2214 1.1679 -1.7252 0.9775 0.1099 -0.1670
-1 -1 -1 -1 -1 -1
-2.5344 -0.6641 -3.6412 0.9932 0.1084 -0.1704
-1 -1 -1 -1 -1 -1
-1 -1 -1 -1 -1 -1
-1 -1 -1 -1 -1 -1
-1 -1 -1 -1 -1 -1
-1 -1 -1 -1 -1 -1
-1 -1 -1 -1 -1 -1
-1 -1 -1 -1 -1 -1
-1 -1 -1 -1 -1 -1
-1 -1 -1 -1 -1 -1
-1 -1 -1 -1 -1 -1
-1 -1 -1 -1 -1 -1
-1 -1 -1 -1 -1 -1
-1 -1 -1 -1 -1 -1
-1 -1 -1 -1 -1 -1
-1 -1 -1 -1 -1 -1
-1 -1 -1 -1 -1 -1
-1 -1 -1 -1 -1 -1
-1 -1 -1 -1 -1 -1
-0.1679 9.7023 9.4733 1.0112 0.1179 -0.2000
47.6412 37.0305 33.9313 1.1584 -0.0430 -0.0007
168.6336 101.6947 -59.6107 1.1582 0.5386 0.6431
0.2901 39.6183 -39.9924 1.0415 0.1438 0.1960
26.1985 52.9160 -58.7481 1.0425 0.2280 0.1458
-0.4580 23.0916 -63.5267 0.9651 0.1948 0.0596
-17.7023 -17.9847 -52.5115 0.8826 0.0979 -0.0322
12.0458 -57.0840 21.6718 0.7637 -0.1873 -0.1987
-98.0153 -24.7099 80.6489 0.2952 0.9285 -0.6228
6.7481 -10.4427 14.1527 0.9221 0.1792 -0.2803
18.0000 2.8931 8.9084 0.9539 0.2969 0.0259
2.8931 -12.7176 14.1221 0.9907 0.2991 -0.0854
1.6718 -3.0076 14.6794 0.9648 0.2024 -0.1143
-4.1069 -19.3740 28.3435 1.2332 0.0251 -0.0999
-2.9084 -0.8779 4.8931 0.9978 0.0991 -0.1609
0.0763 2.9542 3.7634 1.0034 0.1233 -0.2097
-3.6794 3.0153 4.3206 0.9707 0.1165 -0.1672
-4.1679 0.3206 5.2366 0.9766 0.1228 -0.1943
-0.4504 3.4809 -1.4351 0.9800 0.0991 -0.1917
-0.5649 2.5725 -2.5802 0.9753 0.0947 -0.1848
-1.4733 2.4504 -1.9466 0.9819 0.1025 -0.1833
-2.4275 1.9389 -0.9084 0.9902 0.1001 -0.1843
-1.1603 2.6641 -1.7252 0.9944 0.0916 -0.1760
-1.3740 4.1374 -1.9618 0.9895 0.0935 -0.1743
-1.3588 1.1908 -2.3282 0.9785 0.0947 -0.1785
-2.0382 1.9924 -2.0534 0.9868 0.0918 -0.1748
-1 -1 -1 -1 -1 -1
-1 -1 -1 -1 -1 -1
-1 -1 -1 -1 -1 -1
-1.6794 1.8702 -2.9847 0.9849 0.0979 -0.1797
-1 -1 -1 -1 -1 -1
-1 -1 -1 -1 -1 -1
-1 -1 -1 -1 -1 -1
-1 -1 -1 -1 -1 -1
-1 -1 -1 -1 -1 -1
-1 -1 -1 -1 -1 -1
-1 -1 -1 -1 -1 -1
-1 -1 -1 -1 -1 -1
-1 -1 -1 -1 -1 -1
-1 -1 -1 -1 -1 -1
-1 -1 -1 -1 -1 -1
-0.2519 2.5191 -13.7786 0.9731 0.1631 -0.0935
-11.6260 11.2672 -21.4885 1.0115 0.2058 -0.1819
-0.3359 38.1221 -22.0000 0.9519 0.2476 -0.1301
-3.4580 34.3664 -17.0992 0.9670 0.2766 -0.0471
-3.4809 35.9160 -14.6718 0.9915 0.2991 0.0090
-17.6794 44.5344 -27.7634 0.9866 0.3242 0.0095
41.7863 31.0229 -36.4046 1.2004 0.3105 -0.5276
-9.0840 10.1832 64.4886 1.3069 -0.5544 0.5615
-69.1145 -26.0076 101.3588 0.8145 -0.1863 0.0649
-38.1603 -30.9618 74.3053 1.1252 0.3601 0.2905
-96.9008 -100.1527 9.1985 0.9565 0.1331 0.1721
-209.8855 -250.1374 -8.3740 0.6951 0.7690 -1.1218
27.1374 73.8779 -6.2061 1.2683 0.5493 0.0798
-2.9924 -15.1679 8.9618 0.9644 0.1238 -0.1514
-2.3969 2.6183 3.4275 0.9641 0.1064 -0.1736
0.0305 4.7099 -2.0000 0.9724 0.1086 -0.1702
-1.7328 1.9847 -0.6260 0.9934 0.0908 -0.1458
-1.6336 1.6794 -0.6412 0.9846 0.1062 -0.1553
-1.1679 1.2443 -2.5878 0.9905 0.1165 -0.1462
-1.5115 0.0382 -2.1374 0.9812 0.1060 -0.1545
-0.6183 1.4427 -2.9618 0.9868 0.1074 -0.1492
-1 -1 -1 -1 -1 -1
-1 -1 -1 -1 -1 -1
-1 -1 -1 -1 -1 -1
-1 -1 -1 -1 -1 -1
-1 -1 -1 -1 -1 -1
-1 -1 -1 -1 -1 -1
-1 -1 -1 -1 -1 -1
-1 -1 -1 -1 -1 -1
-1 -1 -1 -1 -1 -1
-1 -1 -1 -1 -1 -1
-1 -1 -1 -1 -1 -1
-1 -1 -1 -1 -1 -1
-1 -1 -1 -1 -1 -1
-1 -1 -1 -1 -1 -1
-1 -1 -1 -1 -1 -1
-1 -1 -1 -1 -1 -1
-1 -1 -1 -1 -1 -1
-0.6641 5.9389 1.4046 0.9951 0.0908 -0.1392
-1 -1 -1 -1 -1 -1
-1 -1 -1 -1 -1 -1
8.1450 18.7176 29.5420 1.0449 0.0542 -0.0901
124.0840 45.2137 8.6641 1.0879 0.0208 0.1948
35.3130 41.5038 -33.4046 0.9985 0.3674 0.5142
15.4580 36.9389 -58.1985 1.0747 0.2156 0.2490
-7.7786 22.8244 -75.7099 0.9912 0.3232 0.1658
-28.1908 -27.8626 -89.7557 0.9290 0.2349 -0.0383
18.8397 -34.6336 3.8855 0.6418 -0.2664 -0.3057
77.4351 -222.3206 77.3664 1.9999 -0.0842 -0.6213
-28.4885 -146.1756 46.3588 0.8665 0.2402 -0.0618
12.3511 -25.9695 19.5649 1.0737 0.1274 -0.0591
5.1145 -6.8015 12.8015 0.9893 0.2097 -0.0959
10.6183 -16.1069 6.6260 1.0095 0.2107 -0.1562
53.6870 -34.7099 25.2443 0.9167 0.1028 -0.4856
4.0763 -6.3969 7.6336 0.9529 0.1035 -0.1372
2.8931 -2.1069 0.0687 0.9844 0.1431 -0.1555
-1.0000 1.1603 0.1069 0.9670 0.1055 -0.1838
-6.9008 -4.5191 3.1145 1.0005 0.1035 -0.1653
-4.6641 0.1985 0.3053 0.9873 0.1177 -0.1755
-1 -1 -1 -1 -1 -1
-1 -1 -1 -1 -1 -1
-1.6031 3.1145 -4.7405 0.9761 0.1140 -0.2002
-1 -1 -1 -1 -1 -1
-2.0534 3.8626 -2.4962 0.9749 0.1289 -0.1875
-1 -1 -1 -1 -1 -1
-1 -1 -1 -1 -1 -1
-1 -1 -1 -1 -1 -1
-1 -1 -1 -1 -1 -1
-1 -1 -1 -1 -1 -1
-1 -1 -1 -1 -1 -1
-1 -1 -1 -1 -1 -1
-1 -1 -1 -1 -1 -1
-1 -1 -1 -1 -1 -1
-1 -1 -1 -1 -1 -1
-1 -1 -1 -1 -1 -1
-1 -1 -1 -1 -1 -1
-1 -1 -1 -1 -1 -1
-1 -1 -1 -1 -1 -1
-1 -1 -1 -1 -1 -1
2.6031 -11.9924 -7.8931 0.9929 0.1350 -0.1655
-1 -1 -1 -1 -1 -1
-1 -1 -1 -1 -1 -1
3.7786 27.1832 -17.6336 0.9939 0.1956 -0.1533
-1.6489 46.6565 -15.9237 0.9827 0.2432 -0.0671
-6.1756 43.0305 -20.4046 0.9556 0.2754 -0.0378
-18.3359 66.6565 -24.4656 0.9968 0.3267 0.0234
46.1908 58.3740 -42.5954 1.2424 0.4526 -0.0850
71.2443 -52.6183 -25.1985 0.8843 -0.3149 -0.3242
-96.0687 -58.2443 70.4809 0.8232 0.0403 -0.2046
-9.4504 -46.8092 92.3588 1.2278 0.2229 0.1326
-104.1374 -67.4351 78.5954 1.1143 0.4138 0.2080
-11.3511 -31.7786 -90.4886 1.2512 0.8313 0.9082
84.0229 47.5038 -24.7405 0.7769 -0.0894 -0.7874
-6.8550 14.7176 -1.0687 1.1707 -0.0200 -0.1946
6.3817 9.7710 -8.4962 0.9905 0.1487 -0.1672
0.5725 7.3817 -3.4351 0.9648 0.1021 -0.1816
-1.0763 5.0916 0.5115 0.9827 0.1077 -0.1721
-1.7557 3.2977 1.3130 0.9814 0.1033 -0.1624
-0.8779 1.0382 -0.9695 0.9832 0.0872 -0.1614
-0.6412 -0.0992 -2.3206 0.9854 0.1042 -0.1851
-1 -1 -1 -1 -1 -1
-1.2290 0.0916 -1.5191 0.9832 0.0930 -0.1731
-0.2366 0.7939 -2.1069 0.9829 0.0979 -0.1748
-1.3664 0.6260 -1.4046 0.9836 0.0825 -0.1921
-1.0153 0.1298 -2.2214 0.9810 0.1040 -0.1836
-1 -1 -1 -1 -1 -1
-1 -1 -1 -1 -1 -1
-1 -1 -1 -1 -1 -1
-1 -1 -1 -1 -1 -1
-1 -1 -1 -1 -1 -1
-1 -1 -1 -1 -1 -1
-1 -1 -1 -1 -1 -1
-1 -1 -1 -1 -1 -1
-1 -1 -1 -1 -1 -1
-1 -1 -1 -1 -1 -1
-1 -1 -1 -1 -1 -1
-1 -1 -1 -1 -1 -1
-1 -1 -1 -1 -1 -1
-1 -1 -1 -1 -1 -1
3.0000 14.8473 35.1145 1.0603 0.1016 -0.1421
192.5572 55.2748 -53.7939 1.0603 0.8865 0.3826
-40.9771 38.4809 -44.1679 0.9854 0.3674 0.3833
-0.2290 47.2519 -90.1221 0.9817 0.2207 0.1167
-22.2443 -12.0534 -93.5267 1.0144 0.2476 0.2463
31.7176 6.3969 -22.6031 0.6199 0.1313 -0.0901
-51.7099 -143.8015 38.8397 1.2061 1.9099 -1.7412
-45.1603 66.4809 23.0840 1.0706 0.4871 0.7375
8.2519 -8.5191 10.0153 1.0356 0.4258 0.0327
10.9542 -20.7481 27.9618 1.0164 0.1736 -0.1357
0.5496 -15.2137 14.9237 1.0295 0.1470 -0.0959
-8.3893 -21.5191 17.6794 0.9634 0.1138 -0.2354
1.8321 -78.4046 38.3817 1.1716 0.1340 -0.4248
6.2214 2.7099 -1.3130 0.9924 0.1270 -0.1709
0.2519 0.0458 -0.2519 1.0193 0.1125 -0.2068
-0.7634 -6.9160 0.9313 1.0063 0.0881 -0.1885
-6.6412 -3.4504 4.1069 0.9316 0.1526 -0.1843
-3.8397 1.9160 -1.7481 0.9932 0.1133 -0.1787
0.2519 3.2061 -0.3130 0.9875 0.1021 -0.2200
-1.4885 3.4962 -1.0916 0.9873 0.0981 -0.1902
-0.5954 2.0153 -2.7786 0.9712 0.0933 -0.1848
-1.5038 0.9237 -2.3435 0.9807 0.0994 -0.1733
-1.6412 0.4427 -2.2824 0.9807 0.1060 -0.1843
-1 -1 -1 -1 -1 -1
-1 -1 -1 -1 -1 -1
-1 -1 -1 -1 -1 -1
-1 -1 -1 -1 -1 -1
-1 -1 -1 -1 -1 -1
-1 -1 -1 -1 -1 -1
-1 -1 -1 -1 -1 -1
-1 -1 -1 -1 -1 -1
-1 -1 -1 -1 -1 -1
-1 -1 -1 -1 -1 -1
-1 -1 -1 -1 -1 -1
-1 -1 -1 -1 -1 -1
-1 -1 -1 -1 -1 -1
-1 -1 -1 -1 -1 -1
-1 -1 -1 -1 -1 -1
-1 -1 -1 -1 -1 -1
-1 -1 -1 -1 -1 -1
-1 -1 -1 -1 -1 -1
-1 -1 -1 -1 -1 -1
-3.7634 3.8397 -10.8702 0.9812 0.1467 -0.1731
-3.2519 7.3740 -13.2290 0.9856 0.1704 -0.1545
-10.2061 10.2290 -14.6031 0.9878 0.1772 -0.2134
-2.6489 22.4427 -12.8550 0.9590 0.2075 -0.1360
-2.9924 14.6794 -14.5191 0.9956 0.2190 -0.0867
0.2443 23.6870 -11.9237 0.9846 0.2275 -0.0840
-12.0076 37.5038 -17.9695 0.9712 0.2744 -0.0144
-17.4046 85.3359 -25.8779 1.0369 0.3728 -0.0305
70.5191 74.3435 -62.9389 1.4673 0.6729 -0.1025
-106.9695 -46.2519 85.9237 0.4016 -0.5994 -0.2556
9.3511 -48.2061 66.6870 0.9885 0.0811 -0.0486
-95.5649 -97.3053 88.5496 1.0842 0.2134 -0.0725
34.6641 -34.4504 -15.0458 1.0588 0.5366 0.4734
41.1374 145.1527 -40.0382 1.9999 -0.1934 1.9999
19.9771 63.7557 -29.2977 1.0183 0.0222 -0.1455
-6.4885 27.5191 -13.1679 0.9153 0.2375 -0.2039
2.7939 2.9771 -3.1069 0.9592 0.1899 -0.1221
1.6641 4.8626 -0.4962 0.9590 0.1035 -0.1511
-2.5038 2.9389 -1.7328 0.9736 0.0984 -0.1584
-2.1145 2.7405 -0.6947 0.9836 0.1069 -0.1448
-1 -1 -1 -1 -1 -1
-1 -1 -1 -1 -1 -1
-1 -1 -1 -1 -1 -1
-2.0153 1.2366 -2.5573 0.9951 0.1011 -0.1470
-1 -1 -1 -1 -1 -1
-1.2366 1.8626 -2.4427 0.9812 0.1089 -0.1609
-1 -1 -1 -1 -1 -1
-1 -1 -1 -1 -1 -1
-1 -1 -1 -1 -1 -1
-1 -1 -1 -1 -1 -1
-1 -1 -1 -1 -1 -1
-1 -1 -1 -1 -1 -1
-1 -1 -1 -1 -1 -1
-1 -1 -1 -1 -1 -1
-1 -1 -1 -1 -1 -1
-1 -1 -1 -1 -1 -1
-1 -1 -1 -1 -1 -1
-1 -1 -1 -1 -1 -1
-1 -1 -1 -1 -1 -1
-1 -1 -1 -1 -1 -1
-1 -1 -1 -1 -1 -1
-1 -1 -1 -1 -1 -1
5.3206 11.0840 17.5420 1.0396 0.0859 -0.1797
195.1527 47.0763 -18.2519 1.1396 0.1902 0.1936
-0.5038 37.8626 -48.9160 0.9412 0.6157 0.5520
-11.3817 56.4275 -97.9389 1.1160 0.4497 0.2009
-38.7634 20.7328 -83.8550 0.9641 0.3022 -0.0376
-97.4198 -4.5191 -19.9771 0.7834 -0.1282 -0.2583
-39.2137 -3.9618 95.6794 1.6838 -1.8057 1.6348
20.1679 2.3588 -18.3969 1.6150 0.5776 0.1394
13.8626 67.9466 12.1221 1.2253 0.3560 0.4231
12.2061 -62.1679 12.6641 0.8989 0.2090 -0.1157
3.5344 -24.0763 14.9542 1.0225 0.1946 -0.2354
-18.4046 -25.4809 17.9008 0.8984 0.2346 -0.3184
16.7939 -89.1908 38.7481 1.2385 0.1404 -0.6655
2.8931 -3.0076 -3.0305 1.0317 0.0911 -0.1648
-0.7939 -6.0458 2.3130 0.9976 0.1267 -0.2090
-4.3282 -7.2595 2.8626 0.9668 0.1121 -0.1802
-1.1832 -2.7405 0.9389 0.9778 0.0920 -0.1750
-2.6870 1.1985 -0.6260 0.9707 0.1179 -0.1812
-1.8168 0.9008 -0.7099 0.9780 0.1001 -0.1824
-1.1069 1.7252 -1.3435 0.9814 0.1011 -0.1907
-0.8931 1.9008 -1.3588 0.9827 0.0957 -0.1880
-1.4733 1.7099 -1.5191 0.9812 0.1035 -0.1958
-0.4580 1.4580 -2.6260 0.9854 0.0930 -0.1951
-1 -1 -1 -1 -1 -1
-3.0534 -1.0305 -1.1221 0.9751 0.1123 -0.1716
-4.1832 -1.1298 -4.3435 0.9885 0.0981 -0.2053
-6.5649 -6.4656 -5.9847 0.9766 0.1001 -0.2122
-1 -1 -1 -1 -1 -1
-4.1908 2.3053 0.0229 0.9761 0.1311 -0.2173
-0.8244 4.1756 -0.4809 0.9871 0.1316 -0.2063
2.6870 0.5344 -1.1908 0.9597 0.1289 -0.2000
-3.9695 3.0687 -2.4656 0.9858 0.1191 -0.1929
-5.2214 7.9618 -0.4504 0.9727 0.1147 -0.1536
-4.3664 -2.5878 2.2214 0.9946 0.1199 -0.1968
1.0229 12.5496 -6.2137 0.9954 0.1399 -0.0950
-9.7634 18.7023 -10.1221 1.0486 0.1497 -0.1169
-9.8550 21.0076 -12.0458 0.9976 0.1499 -0.1592
2.2595 50.4427 -22.8702 1.0635 0.1060 -0.0872
1.6031 54.3282 -19.6641 1.0037 0.1633 -0.0095
-0.2519 73.2137 -24.2901 1.0339 0.2556 0.0493
40.7481 40.9313 -57.3588 1.5034 0.4944 -0.2356
-47.5649 38.0305 75.5725 0.8706 -0.8313 0.6621
-37.5191 -1.4275 78.5344 0.8071 -0.1768 -0.0020
-40.3282 -71.3817 77.7710 1.1426 0.3179 0.1001
-49.8702 -69.8473 8.3588 1.0022 0.4578 0.3826
-91.4657 -127.0458 -30.7786 1.2920 0.2041 -0.2429
-27.0458 29.9924 -19.5649 0.5125 0.8110 -0.2854
-2.4733 -7.1298 8.7328 0.9229 0.0920 -0.1201
-0.3969 4.2672 -1.6412 0.9687 0.1162 -0.1643
1.1374 3.7786 -2.8168 0.9817 0.0547 -0.1711
-1.4198 5.4656 -1.1908 0.9827 0.0737 -0.1504
-3.4122 2.4580 -1.6183 0.9900 0.0916 -0.1230
-26.5420 -15.9160 9.0000 1.0034 -0.1033 -0.2998
-1 -1 -1 -1 -1 -1
-3.1069 3.8092 -2.1069 0.9949 0.1980 -0.1099
5.4351 11.8168 -5.8626 0.9778 0.1050 -0.1343
-2.5420 3.3435 -1.2519 0.9912 0.0940 -0.1716
-0.6565 2.8779 -0.9084 0.9819 0.1040 -0.1655
0.2137 4.2519 -1.8397 0.9932 0.0837 -0.1531
-1 -1 -1 -1 -1 -1
-1 -1 -1 -1 -1 -1
-1 -1 -1 -1 -1 -1
-1 -1 -1 -1 -1 -1
-1 -1 -1 -1 -1 -1
-1 -1 -1 -1 -1 -1
-1 -1 -1 -1 -1 -1
-1 -1 -1 -1 -1 -1
-1 -1 -1 -1 -1 -1
-1 -1 -1 -1 -1 -1
-1 -1 -1 -1 -1 -1
-1.4962 14.7176 18.9542 1.0112 0.1182 -0.1602
64.8550 41.8779 41.0992 1.1023 -0.0493 -0.0444
116.6336 67.0305 -68.7939 0.9419 0.5869 0.3604
-5.6641 30.2290 -56.0458 1.0071 0.1909 0.2764
6.3817 44.2977 -71.2519 1.0518 0.3989 0.2190
-24.0153 19.7786 -76.8168 0.8857 0.3386 0.0481
-65.8244 -26.6412 -41.2824 0.8796 -0.0139 -0.1284
-34.2519 -37.9313 33.0153 0.5005 0.3621 -0.2786
-21.9618 -28.6947 65.5191 0.6365 0.4993 -0.2927
-18.3817 -64.7023 30.6718 0.7969 0.4165 -0.0288
0.3130 -40.4885 19.8092 0.9426 0.3098 -0.0786
5.9160 -12.8321 22.7939 0.9260 0.2397 -0.1001
1.6641 -20.5344 19.9237 0.9509 0.1550 0.0059
-4.4427 33.5954 6.3817 0.8274 0.1685 -0.0247
-8.2824 -7.2672 2.8473 0.9348 0.1155 -0.1382
-2.8473 3.8015 4.2748 0.9575 0.1672 -0.1426
-1.4580 -0.1908 0.4046 1.0061 0.1033 -0.1506
0.5191 -2.2519 -0.8015 0.9890 0.0876 -0.1790
-1.1908 1.3588 0.6794 0.9885 0.0962 -0.1809
-2.5267 -1.2214 -0.7328 0.9856 0.0898 -0.1575
-1.6412 -1.0687 -1.8931 0.9863 0.0935 -0.1816
-1 -1 -1 -1 -1 -1
-2.5725 1.2977 -0.9771 0.9910 0.0950 -0.1941
-1.4656 2.1298 -0.1908 0.9871 0.0923 -0.1799
-1 -1 -1 -1 -1 -1
-1 -1 -1 -1 -1 -1
-1 -1 -1 -1 -1 -1
-1 -1 -1 -1 -1 -1
-1 -1 -1 -1 -1 -1
-1 -1 -1 -1 -1 -1
-1 -1 -1 -1 -1 -1
-1 -1 -1 -1 -1 -1
-1 -1 -1 -1 -1 -1
-1 -1 -1 -1 -1 -1
-1 -1 -1 -1 -1 -1
-1 -1 -1 -1 -1 -1
-1 -1 -1 -1 -1 -1
-1 -1 -1 -1 -1 -1
-1 -1 -1 -1 -1 -1
-1 -1 -1 -1 -1 -1
-1 -1 -1 -1 -1 -1
-13.5802 8.1145 -8.5878 0.9795 0.1628 -0.1738
-5.6183 16.1908 -10.7252 0.9595 0.1624 -0.1733
-6.7405 18.5802 -9.8779 0.9810 0.1816 -0.1692
-0.3588 32.5573 -13.7557 1.0105 0.1819 -0.1091
-2.8550 40.4809 -16.0305 0.9805 0.2456 0.0029
-10.6336 53.2443 -26.3969 0.9722 0.2920 0.0706
14.3817 56.8855 -46.6870 1.2278 0.4924 -0.0471
67.2519 -18.7863 -60.8244 0.6936 -0.6914 0.2666
-57.1679 -16.3588 121.3740 0.9158 -0.2224 -0.5251
-45.4504 -23.4427 98.4046 1.0417 0.4814 0.3752
-12.2137 -24.2214 10.4427 1.1763 0.4590 0.3813
-18.5573 -46.1374 -16.5420 0.8967 0.3364 0.1504
73.2672 -158.0458 -34.0916 0.5981 0.0984 -0.7998
33.5115 -72.3283 -8.5878 0.9866 0.0676 -0.2527
-0.3740 7.7481 1.6107 1.0457 -0.0007 -0.1877
-2.7481 3.9313 -1.1756 0.9873 0.0781 -0.1692
1.5878 -0.4656 -3.6489 1.0193 0.0642 -0.1365
-1.1450 0.8321 -3.0840 0.9883 0.0889 -0.1646
-1 -1 -1 -1 -1 -1
-1 -1 -1 -1 -1 -1
-1 -1 -1 -1 -1 -1
-1.8626 1.9389 -1.8397 0.9915 0.0959 -0.1643
-0.6031 2.7328 -1.8321 0.9919 0.0989 -0.1594
-1 -1 -1 -1 -1 -1
-1 -1 -1 -1 -1 -1
-1 -1 -1 -1 -1 -1
-1 -1 -1 -1 -1 -1
-1 -1 -1 -1 -1 -1
-1 -1 -1 -1 -1 -1
-1 -1 -1 -1 -1 -1
-1 -1 -1 -1 -1 -1
-1 -1 -1 -1 -1 -1
-1 -1 -1 -1 -1 -1
-1 -1 -1 -1 -1 -1
-1 -1 -1 -1 -1 -1
-1 -1 -1 -1 -1 -1
-1 -1 -1 -1 -1 -1
-1 -1 -1 -1 -1 -1
-1 -1 -1 -1 -1 -1
-1 -1 -1 -1 -1 -1
-1 -1 -1 -1 -1 -1
60.4275 57.1603 49.7481 1.4207 0.0081 0.3381
113.1298 64.7481 -54.5038 0.9756 0.3728 0.4402
8.5038 44.0305 -61.3130 1.0220 0.3118 0.3533
4.6947 26.3359 -106.5649 1.0078 0.4099 0.1399
-25.8855 -17.7481 -97.8626 1.0737 0.1094 -0.0095
19.2443 22.2443 -7.9389 0.6313 -0.3232 -0.0652
-29.0840 -141.9237 31.4656 1.6343 1.3301 -1.0344
-31.5038 -122.8397 45.6489 1.0686 0.2576 -0.1528
3.6107 -8.0229 32.1221 0.8923 0.2527 -0.0479
11.5191 -4.4733 11.8626 0.9976 0.2092 -0.1836
4.6718 -7.8244 15.1145 1.0005 0.1555 -0.1335
-23.0229 -52.2290 25.9313 1.2510 0.2275 -0.0908
-2.0992 8.2061 6.9389 0.9685 0.1226 -0.1279
3.7405 2.6718 0.7405 0.9800 0.1133 -0.2000
-1.6870 -3.8779 3.4504 0.9851 0.1060 -0.1641
0.0687 -1.4046 3.2290 0.9744 0.0803 -0.1895
-1 -1 -1 -1 -1 -1
-3.7328 0.4962 0.9237 0.9866 0.0742 -0.1907
-2.4351 0.1908 1.1603 0.9719 0.0837 -0.2039
-1 -1 -1 -1 -1 -1
-1 -1 -1 -1 -1 -1
-0.7252 2.1221 -3.1679 0.9734 0.0789 -0.1938
-1.4656 0.7786 -2.0458 0.9863 0.0820 -0.1909
-0.3282 2.7863 -2.3817 0.9841 0.0835 -0.1963
-1 -1 -1 -1 -1 -1
-1 -1 -1 -1 -1 -1
-1 -1 -1 -1 -1 -1
-1 -1 -1 -1 -1 -1
-1 -1 -1 -1 -1 -1
-1 -1 -1 -1 -1 -1
-1 -1 -1 -1 -1 -1
-1 -1 -1 -1 -1 -1
-1 -1 -1 -1 -1 -1
-1 -1 -1 -1 -1 -1
-1 -1 -1 -1 -1 -1
-1 -1 -1 -1 -1 -1
-10.1679 -2.1603 -11.3817 0.9990 0.1465 -0.2119
-1 -1 -1 -1 -1 -1
-8.9008 11.1679 -12.8321 0.9956 0.1965 -0.1562
-1.4046 23.0153 -15.9542 0.9946 0.1885 -0.1670
-0.7252 35.5649 -17.8931 0.9944 0.2329 -0.0571
-4.2519 32.2901 -20.2061 1.0100 0.2622 -0.0608
-23.6031 59.5496 -31.0992 0.9978 0.4126 -0.0305
94.6870 19.6641 -40.6412 1.4031 0.3018 -0.5977
-130.6183 -20.5496 122.4198 0.6978 -0.4910 -0.1096
-9.3664 -55.1450 113.9771 0.9954 0.5024 -0.1072
-113.0611 -30.6947 52.7481 0.9441 0.4163 -0.0779
-14.7634 -67.8397 -4.7634 1.0520 0.2683 0.1157
-92.2901 136.3511 26.4275 1.9999 -1.6741 1.9999
5.0534 60.8015 -40.7481 0.9944 -0.1487 -0.0916
-1.5878 11.9008 5.1603 1.0090 0.0500 -0.1292
2.7252 2.4198 -1.5420 0.9697 0.1306 -0.1738
-2.6718 5.5038 0.2672 0.9832 0.0854 -0.1692
-2.0992 -0.3282 1.3130 0.9839 0.0957 -0.1736
-1.6947 2.9160 -1.5420 0.9834 0.0889 -0.1755
-1 -1 -1 -1 -1 -1
-1 -1 -1 -1 -1 -1
-1 -1 -1 -1 -1 -1
-1 -1 -1 -1 -1 -1
-1 -1 -1 -1 -1 -1
-1 -1 -1 -1 -1 -1
-1 -1 -1 -1 -1 -1
-1 -1 -1 -1 -1 -1
-1 -1 -1 -1 -1 -1
-1 -1 -1 -1 -1 -1
-1 -1 -1 -1 -1 -1
-1 -1 -1 -1 -1 -1
-1 -1 -1 -1 -1 -1
-1 -1 -1 -1 -1 -1
-1 -1 -1 -1 -1 -1
-1 -1 -1 -1 -1 -1
-1 -1 -1 -1 -1 -1
-1 -1 -1 -1 -1 -1
-1 -1 -1 -1 -1 -1
-1 -1 -1 -1 -1 -1
-1 -1 -1 -1 -1 -1
-1 -1 -1 -1 -1 -1
-1 -1 -1 -1 -1 -1
-1 -1 -1 -1 -1 -1
-1 -1 -1 -1 -1 -1
72.1145 25.4580 21.4809 1.0684 -0.0024 -0.0791
-1 -1 -1 -1 -1 -1
-12.0687 31.6107 -40.1145 1.0181 0.1079 0.1167
13.2824 40.5191 -55.5802 1.0249 0.2297 0.1555
2.0534 15.4656 -45.3282 0.9065 0.2078 0.1064
3.5115 3.3588 -40.6412 0.8518 0.1208 0.0989
-2.9389 -25.2748 -7.2748 0.8342 0.2654 0.0474
5.0763 -49.4198 50.2672 1.1235 0.3196 -1.6228
-11.7710 -47.4504 58.1985 1.3267 0.2681 0.7131
11.3817 -17.2977 12.1221 1.1409 0.1650 -0.0708
6.0153 -10.0153 9.4733 0.9553 0.1914 -0.1057
1.5878 -14.2672 12.5115 0.9124 0.2024 -0.1228
-11.3282 -28.3130 23.5725 0.9766 0.1660 -0.2654
2.4351 -7.9695 8.8779 0.9280 0.1453 -0.1650
1.3511 -1.2366 1.4580 0.9871 0.1245 -0.1665
-4.7710 -0.6336 6.3588 0.9670 0.0935 -0.1565
-6.7939 -4.6031 5.8473 0.9683 0.1243 -0.1658
-4.2214 -0.4580 0.6336 0.9812 0.0945 -0.1699
-1.3130 1.9389 -0.6489 0.9756 0.0989 -0.1780
-1 -1 -1 -1 -1 -1
-0.9084 0.8626 -1.3206 0.9871 0.0908 -0.1716
-2.0076 0.0458 -2.1832 0.9929 0.0833 -0.1951
-1.4046 2.1603 -2.0305 0.9883 0.0847 -0.1946
-1.5191 0.8244 -1.6183 0.9858 0.0881 -0.1821
-1 -1 -1 -1 -1 -1
-1 -1 -1 -1 -1 -1
-1 -1 -1 -1 -1 -1
-1 -1 -1 -1 -1 -1
-1 -1 -1 -1 -1 -1
-1 -1 -1 -1 -1 -1
-1 -1 -1 -1 -1 -1
-1 -1 -1 -1 -1 -1
-1 -1 -1 -1 -1 -1
-1 -1 -1 -1 -1 -1
-10.5802 -12.9618 -6.9924 0.9487 0.1082 -0.1948
-7.5420 5.6031 -13.4809 1.0044 0.1113 -0.2026
0.2290 28.0458 -17.4122 0.9949 0.1604 -0.1829
-6.8855 21.8855 -13.5191 0.9868 0.1709 -0.1372
-3.0992 24.8321 -13.3969 0.9866 0.2002 -0.0801
-3.6870 22.2977 -12.5649 1.0081 0.1965 -0.0620
-3.2824 27.3511 -17.9847 1.0405 0.1736 -0.0476
-6.3130 58.8168 -34.4427 1.0098 0.2869 0.0088
52.9160 52.5878 -31.5954 1.3242 0.3406 -0.2627
-6.6870 -0.6565 69.2748 0.9441 -0.7847 0.0403
-45.0916 -81.0687 101.2595 1.1111 0.0168 0.0615
-91.4580 -55.8168 69.8321 1.0605 0.4260 0.1921
-41.8779 -63.7634 3.8855 0.8164 0.2893 0.3979
-112.4428 -233.3435 -19.0840 0.7053 0.1267 -0.4824
41.8855 -29.2137 -0.7176 0.9902 0.7478 -0.1296
-1.6107 -24.0076 11.8550 1.0149 0.0498 -0.1682
-4.3969 6.5038 4.6031 1.0186 0.0374 -0.1992
3.9389 6.8092 -3.9008 0.9841 0.0813 -0.1777
-2.6412 4.4198 -2.3588 0.9727 0.0752 -0.1765
-5.3206 2.2366 -0.5344 0.9761 0.0774 -0.1687
-1 -1 -1 -1 -1 -1
-1 -1 -1 -1 -1 -1
-2.0305 1.8702 -1.0916 0.9880 0.0818 -0.1729
-2.4809 1.3893 -0.9847 0.9802 0.0911 -0.1729
-1 -1 -1 -1 -1 -1
-1 -1 -1 -1 -1 -1
-1 -1 -1 -1 -1 -1
-1 -1 -1 -1 -1 -1
0.8550 -0.3511 -3.4198 0.9834 0.0840 -0.1826
1.2901 2.1145 -4.2366 0.9873 0.0835 -0.1802
-0.7023 2.4656 -3.1374 0.9844 0.0913 -0.1892
-0.8397 1.6183 -2.9924 0.9817 0.0967 -0.1675
-1 -1 -1 -1 -1 -1
-1 -1 -1 -1 -1 -1
-1 -1 -1 -1 -1 -1
-1 -1 -1 -1 -1 -1
-1 -1 -1 -1 -1 -1
-1 -1 -1 -1 -1 -1
-2.0229 2.2595 -4.9695 0.9836 0.0962 -0.1653
-1 -1 -1 -1 -1 -1
-4.0992 13.3282 17.4046 0.9990 0.1191 -0.1714
6.1679 29.4733 38.2519 1.0615 0.0278 -0.0864
100.7176 23.5802 3.7634 1.0715 -0.0938 0.1848
27.1756 18.2595 -48.8931 1.0317 0.4321 0.3943
17.8626 36.7328 -57.4962 1.1309 0.2493 0.2610
-1 -1 -1 -1 -1 -1
-2.2672 -10.9847 -79.0382 0.8564 0.1123 0.0542
-20.6336 -13.0458 -14.2137 0.8076 0.0334 0.0281
-62.8626 -48.5649 21.8702 0.9690 1.9460 -2.0000
-55.9771 -9.4275 45.0305 0.8711 0.2517 0.6589
2.1756 -29.9389 23.7328 1.0361 0.1892 -0.0195
2.7863 -9.2519 17.9160 0.9910 0.1438 -0.1897
0.7863 -6.6107 10.2443 0.9829 0.1550 -0.1326
-3.2901 -1.8550 10.6260 0.9385 0.1282 -0.1621
-6.8626 -23.8092 16.9237 1.0818 0.2358 -0.3052
-3.0458 0.5038 4.5802 1.0007 0.1165 -0.1191
-5.1908 -0.6489 2.4885 0.9822 0.1101 -0.1946
-6.8015 -5.3206 0.8397 0.9800 0.0771 -0.1660
-4.2214 -1.5878 1.6489 0.9824 0.0962 -0.1699
-0.4504 2.7863 -1.5191 0.9988 0.0940 -0.1765
-1.8702 2.1908 -0.6489 0.9941 0.0923 -0.1694
-1.6870 4.1679 0.3282 0.9797 0.0959 -0.1743
-1 -1 -1 -1 -1 -1
-1 -1 -1 -1 -1 -1
-2.1603 2.7710 -1.6031 0.9873 0.0925 -0.1809
-1 -1 -1 -1 -1 -1
-1 -1 -1 -1 -1 -1
-1 -1 -1 -1 -1 -1
-1.6412 1.9084 -2.7023 0.9937 0.0981 -0.1646
-1 -1 -1 -1 -1 -1
-1.7863 2.0916 -2.1450 0.9878 0.0969 -0.1660
-1 -1 -1 -1 -1 -1
-1 -1 -1 -1 -1 -1
-1 -1 -1 -1 -1 -1
-1 -1 -1 -1 -1 -1
-1 -1 -1 -1 -1 -1
-1 -1 -1 -1 -1 -1
-1 -1 -1 -1 -1 -1
-1 -1 -1 -1 -1 -1
-1 -1 -1 -1 -1 -1
-4.2977 2.6870 -3.9847 0.9810 0.1145 -0.1487
-5.6870 1.3435 -2.9160 0.9910 0.1050 -0.1628
-8.1298 -1.0611 -2.6489 0.9829 0.1306 -0.1465
-7.2366 -1.4275 -4.1221 0.9893 0.1121 -0.1626
-8.1832 -10.2137 -1.6107 0.9875 0.1433 -0.1035
-4.7939 13.6412 -16.0534 1.0051 0.1284 -0.1792
-1.7099 17.9771 -16.2595 0.9675 0.1833 -0.1323
-3.3359 11.9084 -12.2901 0.9817 0.1953 -0.0867
-0.7863 18.8092 -13.9618 1.0078 0.2539 -0.1104
-10.5649 43.4122 -22.5802 1.0056 0.2710 -0.0613
-9.7481 71.7405 -28.2443 1.0618 0.2869 0.0178
81.3435 36.3130 -55.3893 0.9324 0.1074 -0.2732
5.8550 -25.1756 80.2595 0.6616 0.0068 0.0854
-56.7023 -71.3359 68.7405 1.0991 0.1204 -0.0195
-94.4122 -80.9160 73.1908 1.0784 0.2917 0.0737
7.8473 -44.5191 -2.8702 0.8992 0.5396 0.5039
-64.9313 -162.3053 -1.9542 1.0457 0.3198 -0.9214
-20.8855 -54.7710 3.7939 0.9055 0.2529 -0.1277
0.8855 7.4351 1.8168 0.9993 0.0906 -0.1777
-0.3206 4.3435 -0.5725 0.9836 0.0986 -0.1780
-0.0916 3.9618 -2.0229 0.9993 0.0864 -0.1489
-1.3893 2.1527 -2.2595 0.9917 0.0999 -0.1697
0.3053 0.9695 -3.4122 0.9866 0.1086 -0.1621
-1.6031 1.7634 -2.8092 0.9871 0.0930 -0.1621
-1.8092 1.0076 -2.2824 0.9905 0.1016 -0.1597
-1 -1 -1 -1 -1 -1
-1 -1 -1 -1 -1 -1
-1 -1 -1 -1 -1 -1
-1 -1 -1 -1 -1 -1
-1 -1 -1 -1 -1 -1
-1 -1 -1 -1 -1 -1
-1 -1 -1 -1 -1 -1
-1 -1 -1 -1 -1 -1
-1 -1 -1 -1 -1 -1
-1 -1 -1 -1 -1 -1
-1 -1 -1 -1 -1 -1
-1 -1 -1 -1 -1 -1
-1 -1 -1 -1 -1 -1
-1 -1 -1 -1 -1 -1
-1 -1 -1 -1 -1 -1
-1 -1 -1 -1 -1 -1
-1 -1 -1 -1 -1 -1
-1 -1 -1 -1 -1 -1
-1 -1 -1 -1 -1 -1
-2.5267 11.2672 17.6947 1.0020 0.1069 -0.1462
67.4275 30.7863 28.9847 1.0874 0.1538 0.0210
21.9695 38.3893 -64.1603 1.0549 0.7747 0.4680
-13.6107 36.6870 -62.7710 1.1272 0.1340 0.1611
-1 -1 -1 -1 -1 -1
-28.2061 7.0000 -56.1832 0.8496 0.3125 0.0325
-5.1603 -7.0076 13.9160 0.7112 -0.0037 -0.1316
-30.1221 -146.3740 32.2061 1.1907 0.9441 -1.3540
-45.6336 -108.3053 53.2672 0.8628 0.2925 -0.5918
4.4809 -17.5114 14.5267 1.0261 0.1125 -0.1448
-9.8626 -10.6870 9.7939 1.0137 0.1973 -0.0706
-2.5115 -20.7023 16.6489 0.9944 0.1660 -0.1013
-54.1374 -18.2061 7.8015 1.0637 0.1353 -0.1426
-5.7634 -2.1221 14.1527 0.9592 0.1187 -0.0576
-0.7863 -2.7634 2.2214 0.9937 0.0806 -0.1260
-1.3588 -2.2137 2.5496 0.9861 0.0947 -0.1328
0.0076 2.7634 -0.5267 0.9832 0.0918 -0.1553
-1 -1 -1 -1 -1 -1
-1.5344 -1.5496 -0.3282 1.0032 0.0786 -0.1694
2.7863 0.6336 -2.9160 0.9814 0.0913 -0.1660
-2.7405 -1.1679 -0.3359 0.9900 0.0854 -0.1689
-1.2519 -0.6870 -1.3130 0.9873 0.0784 -0.1824
-1 -1 -1 -1 -1 -1
-1.5802 -0.2672 -0.8779 0.9822 0.0833 -0.1785
-1 -1 -1 -1 -1 -1
-1 -1 -1 -1 -1 -1
-1 -1 -1 -1 -1 -1
-1 -1 -1 -1 -1 -1
-1 -1 -1 -1 -1 -1
-1 -1 -1 -1 -1 -1
-1 -1 -1 -1 -1 -1
-1 -1 -1 -1 -1 -1
-1 -1 -1 -1 -1 -1
-1 -1 -1 -1 -1 -1
-1 -1 -1 -1 -1 -1
-1 -1 -1 -1 -1 -1
-1 -1 -1 -1 -1 -1
-9.3282 -0.9618 -5.9847 0.9639 0.1243 -0.1436
-4.7710 8.6031 -7.1221 1.0010 0.0759 -0.2041
-0.7710 20.1985 -9.0229 0.9800 0.1289 -0.1418
-3.7023 33.1069 -10.7328 1.0056 0.1580 -0.0652
2.3664 27.0611 -12.2519 1.0149 0.1665 -0.0688
0.7176 37.8015 -12.0687 1.0330 0.1736 -0.0591
-1.1221 62.3817 -20.9389 1.0225 0.3037 -0.0239
37.3511 58.8702 -51.6107 1.3037 0.3748 0.0889
49.1832 -18.7023 -25.2519 0.8145 -0.1846 -0.2207
-187.2137 -60.0916 175.9084 0.8970 -0.1841 0.1443
13.7023 -19.1069 82.0229 0.9543 0.5957 0.6069
-127.7634 -96.5802 -8.4275 0.9829 -0.0139 0.0671
72.2290 -138.1908 -34.9466 0.0129 0.8755 -0.4377
4.9389 120.7557 -108.9160 0.8169 0.5371 0.5989
-11.0992 7.3664 -21.1603 0.8728 0.3840 -0.1899
-2.4504 -0.5954 0.5649 0.9702 0.1572 -0.1033
-0.6107 -1.0534 -4.7176 0.9734 0.1094 -0.1467
0.5954 2.8397 -4.2748 0.9851 0.0686 -0.1653
-1.8321 0.8473 -1.5878 0.9954 0.0808 -0.1604
-2.0229 2.1603 -2.3740 0.9827 0.1008 -0.1567
-0.6412 2.0916 -2.9924 0.9854 0.0845 -0.1558
0.0305 0.2824 -3.7557 0.9912 0.0981 -0.1528
-0.0229 0.2214 -3.8015 0.9863 0.1106 -0.1584
-1 -1 -1 -1 -1 -1
-0.9924 2.1069 -3.0153 0.9868 0.1074 -0.1636
-1.3130 1.2519 -2.0611 0.9856 0.0979 -0.1580
-1.3130 1.8626 -1.8702 0.9861 0.1033 -0.1636
-1.1221 1.4351 -2.4504 0.9846 0.1189 -0.1653
-1 -1 -1 -1 -1 -1
-1 -1 -1 -1 -1 -1
-1 -1 -1 -1 -1 -1
-1 -1 -1 -1 -1 -1
-1 -1 -1 -1 -1 -1
-1 -1 -1 -1 -1 -1
-1 -1 -1 -1 -1 -1
-1 -1 -1 -1 -1 -1
-1 -1 -1 -1 -1 -1
-1 -1 -1 -1 -1 -1
-1 -1 -1 -1 -1 -1
-1 -1 -1 -1 -1 -1
-1 -1 -1 -1 -1 -1
-1 -1 -1 -1 -1 -1
8.8397 20.8626 40.2214 1.0947 0.0269 -0.1221
-1 -1 -1 -1 -1 -1
-26.0916 10.7634 -55.4275 1.0066 0.4993 0.3801
-8.3130 39.0305 -67.0992 1.1138 0.1831 0.1968
-10.5725 39.3664 -54.3664 1.0154 0.2454 0.1138
-30.9695 27.5344 -38.8702 0.9246 0.1821 0.0742
-25.8168 -7.8855 8.4351 0.7480 -0.0508 -0.0752
-16.8626 -101.0763 45.5954 0.8765 1.1033 -1.6611
1.2290 -119.7252 21.0687 1.0608 0.2515 0.0757
-5.3664 -19.5038 19.6183 1.0393 0.2292 0.0408
-6.1679 -14.8855 14.5496 1.0042 0.1873 -0.0706
12.3817 -16.9008 8.2061 0.9814 0.1997 -0.0935
100.1985 -63.3206 31.5802 0.9080 -0.0237 -0.5483
1.9695 9.2519 5.7176 0.9358 0.1809 -0.1370
1.8702 -2.9618 0.5191 0.9514 0.1521 -0.1824
1.7710 1.0992 7.3053 0.9673 0.1055 -0.1990
3.6641 5.7481 0.9618 0.9810 0.1230 -0.1973
0.5496 6.1832 -0.7405 0.9751 0.0881 -0.1941
1.7176 2.8168 -1.1221 0.9846 0.0842 -0.1978
0.2290 4.1527 -2.1145 0.9749 0.0786 -0.1768
-0.7710 1.0992 -0.5496 0.9753 0.0813 -0.1938
-1.2366 2.0229 -1.4504 0.9744 0.0850 -0.1907
-2.1374 0.1145 0.0076 0.9807 0.0713 -0.1953
-1 -1 -1 -1 -1 -1
-1.4351 2.1527 -0.9008 0.9734 0.0862 -0.1965
-1.4504 1.2290 -0.6641 0.9753 0.0857 -0.1929
-1 -1 -1 -1 -1 -1
-1 -1 -1 -1 -1 -1
-1.6489 0.7634 -2.4656 0.9744 0.0735 -0.2063
-1 -1 -1 -1 -1 -1
-1 -1 -1 -1 -1 -1
-1 -1 -1 -1 -1 -1
-1 -1 -1 -1 -1 -1
-1 -1 -1 -1 -1 -1
-1 -1 -1 -1 -1 -1
-1 -1 -1 -1 -1 -1
-1 -1 -1 -1 -1 -1
-1 -1 -1 -1 -1 -1
-1 -1 -1 -1 -1 -1
-1 -1 -1 -1 -1 -1
-1 -1 -1 -1 -1 -1
-6.6183 10.9771 -1.3282 0.9663 0.1489 -0.2346
-1 -1 -1 -1 -1 -1
-1 -1 -1 -1 -1 -1
-3.3130 33.9771 -12.1374 1.0010 0.1416 -0.1221
-1 -1 -1 -1 -1 -1
-1.0458 30.6870 -16.3740 1.0237 0.1411 -0.0442
17.0687 52.4809 -29.0305 0.9683 0.2109 0.0249
-2.5191 45.3740 -10.0687 1.1082 0.3069 -0.0073
-17.6870 24.2672 -33.3130 1.0664 0.3328 -0.1545
-42.2977 78.0611 63.7328 1.2974 -0.8884 0.7747
-54.3511 -79.5496 110.8015 1.2332 -0.1567 -0.1074
-2.5649 -84.9237 63.8779 1.1118 0.5320 0.3447
-121.0916 -17.1908 -25.9008 1.0281 0.7461 0.5239
80.9466 -44.2748 -30.4427 1.2664 -0.1318 -0.7476
-8.4962 -18.8626 -4.2824 1.0530 0.0317 -0.1702
0.0382 11.8779 -5.4275 1.0146 0.0510 -0.1870
-0.8092 1.7863 -2.2595 0.9895 0.0779 -0.2061
3.0840 3.8931 -3.8244 0.9973 0.0649 -0.1846
-1.5038 1.1985 -1.2595 0.9917 0.0686 -0.1697
-1.3130 1.3282 -2.2595 0.9863 0.0676 -0.2034
-0.5115 0.7176 -2.9389 0.9866 0.0803 -0.1853
-0.9924 1.8550 -1.9160 0.9834 0.0850 -0.1838
-1.4198 2.2824 -2.4198 0.9778 0.0769 -0.1865
-2.2366 2.7634 -2.1908 0.9775 0.0859 -0.1763
-2.8321 1.9924 -0.4733 0.9832 0.0806 -0.1841
-1.3893 2.4351 -1.1298 0.9858 0.0874 -0.1763
-1 -1 -1 -1 -1 -1
-1 -1 -1 -1 -1 -1
-1 -1 -1 -1 -1 -1
-1 -1 -1 -1 -1 -1
-1 -1 -1 -1 -1 -1
-1 -1 -1 -1 -1 -1
-1 -1 -1 -1 -1 -1
-1 -1 -1 -1 -1 -1
-1 -1 -1 -1 -1 -1
-1 -1 -1 -1 -1 -1
-1 -1 -1 -1 -1 -1
-1 -1 -1 -1 -1 -1
-1 -1 -1 -1 -1 -1
-1 -1 -1 -1 -1 -1
-4.3359 13.9237 16.1756 1.0127 0.1184 -0.1399
36.6412 31.5191 23.8244 1.0063 0.0168 -0.0676
-1 -1 -1 -1 -1 -1
-35.1450 5.6641 -54.0000 1.0713 0.3765 0.2187
1.6641 34.5267 -41.4046 1.0957 0.0605 0.0886
37.9695 59.7328 -32.9313 1.0208 0.2603 0.1729
-1 -1 -1 -1 -1 -1
16.5191 24.5496 -23.6947 0.8259 0.3044 0.0967
19.7176 -0.8168 -29.3740 0.7805 0.2568 0.1389
7.3359 -25.9924 21.0458 0.7341 -0.0554 -0.1057
-115.1450 -71.7939 103.6870 0.9067 0.7957 -0.7446
20.4504 -47.1145 30.3130 0.9258 -0.0156 -0.4644
12.8473 7.6336 8.1298 0.9043 0.3242 -0.0750
6.0382 -5.6641 8.0611 1.0217 0.1589 -0.0977
36.0305 -6.2366 10.5573 1.1206 -0.0139 -0.1460
-2.9084 18.6947 16.8855 1.0488 0.0642 -0.0549
-2.2443 -5.8015 5.0000 1.0144 0.0759 -0.1172
-2.5496 0.5878 5.3435 0.9983 0.0920 -0.1560
-3.0229 -0.3130 1.9389 1.0107 0.0781 -0.1775
-1 -1 -1 -1 -1 -1
-1.5802 1.9008 0.5878 0.9824 0.0701 -0.1782
-2.0153 1.4962 -1.3206 0.9805 0.0667 -0.1887
-1.1374 1.8779 -1.2366 0.9768 0.0510 -0.1904
-1.3359 1.9466 -1.1832 0.9885 0.0503 -0.1895
-0.9237 2.0763 -1.4656 0.9885 0.0557 -0.1897
-0.5573 3.5878 -2.4504 0.9912 0.0552 -0.1873
-1 -1 -1 -1 -1 -1
-1 -1 -1 -1 -1 -1
-1 -1 -1 -1 -1 -1
-1 -1 -1 -1 -1 -1
-2.6565 1.5496 -2.9237 0.9897 0.0618 -0.1775
-1 -1 -1 -1 -1 -1
-1 -1 -1 -1 -1 -1
-1 -1 -1 -1 -1 -1
-1 -1 -1 -1 -1 -1
-4.9924 -0.0076 -10.0458 0.9800 0.0959 -0.1646
-13.5496 -7.5038 -8.0229 0.9980 0.0745 -0.1943
-1 -1 -1 -1 -1 -1
-0.5573 9.5954 -10.5954 1.0061 0.1409 -0.1313
-2.3359 22.3130 -23.8473 1.0085 0.1597 -0.1863
-3.0000 22.5802 -24.6794 0.9817 0.1724 -0.1418
1.0534 22.6641 -21.1603 0.9778 0.2148 -0.1069
0.4046 46.9618 -25.1450 0.9915 0.2512 -0.0554
-19.8779 54.7481 -38.9313 0.9717 0.3416 -0.0115
84.7557 -25.7786 -24.9237 1.6431 0.6345 -0.7688
-36.3664 19.0153 97.7557 0.6848 -0.6650 -0.0793
-27.4351 -46.0916 112.9618 0.8477 0.1030 -0.0171
-119.7863 -56.0992 52.6107 1.0759 0.6055 0.2830
-17.6031 -64.2443 -46.3740 0.8269 0.3062 0.4404
-48.2443 -62.8626 -5.5802 0.8032 0.1555 -0.9978
-33.5573 -60.8626 23.6565 1.0042 0.1150 -0.1270
-1.5038 8.2672 -6.9542 1.0430 0.0239 -0.1519
3.7481 1.4504 -3.0076 1.0208 0.0657 -0.1941
-1 -1 -1 -1 -1 -1
-1.9313 4.5115 -1.1603 0.9814 0.0881 -0.1738
1.0229 3.5954 -3.9084 1.0032 0.0667 -0.1516
-0.5802 1.4046 -2.9847 0.9922 0.0835 -0.1580
-0.4122 0.6107 -2.4198 0.9839 0.0854 -0.1672
-0.5267 2.3817 -1.4427 0.9719 0.0862 -0.1628
-1 -1 -1 -1 -1 -1
-1 -1 -1 -1 -1 -1
-1 -1 -1 -1 -1 -1
-1 -1 -1 -1 -1 -1
-1 -1 -1 -1 -1 -1
-1 -1 -1 -1 -1 -1
-1 -1 -1 -1 -1 -1
-1 -1 -1 -1 -1 -1
-1 -1 -1 -1 -1 -1
-1 -1 -1 -1 -1 -1
-1 -1 -1 -1 -1 -1
-1 -1 -1 -1 -1 -1
-1 -1 -1 -1 -1 -1
-1 -1 -1 -1 -1 -1
-1 -1 -1 -1 -1 -1
-1.8626 12.3511 29.5878 1.0684 0.0110 -0.1472
175.9160 61.0992 25.3282 0.9924 0.0049 0.0696
-23.3359 94.5267 -19.8855 0.8948 0.6777 0.7463
22.8244 30.7481 -99.3435 0.9397 0.3755 0.1743
-24.6107 -28.3969 -129.1985 1.1130 0.1257 -0.0454
-71.9695 -55.7557 -4.5725 0.7568 -0.5513 -0.1985
105.1298 -90.0763 -25.6336 1.9999 0.8694 -1.1755
-22.0000 -54.3969 10.0687 1.0654 0.3489 0.0142
-5.1527 -15.9313 26.3969 1.0491 0.2322 -0.0356
-0.2366 -19.9084 22.2366 1.0308 0.1353 -0.1111
62.0687 11.7252 6.7176 1.1362 -0.1633 -0.1113
2.1298 17.7939 17.5038 0.9353 0.2163 -0.0200
-4.7328 -0.8397 3.8550 1.0354 0.1113 -0.1082
0.9542 0.2672 6.2214 0.9565 0.1284 -0.1941
-4.6031 -0.5802 -0.2137 0.9758 0.0986 -0.2173
-0.1221 -0.1069 -2.0305 0.9717 0.0732 -0.2307
-1 -1 -1 -1 -1 -1
-1.3664 -1.1908 0.8397 0.9705 0.0896 -0.2117
-1 -1 -1 -1 -1 -1
-1 -1 -1 -1 -1 -1
-1.3130 -0.6718 -0.3969 0.9678 0.0747 -0.2266
-1 -1 -1 -1 -1 -1
-1 -1 -1 -1 -1 -1
-1 -1 -1 -1 -1 -1
-1 -1 -1 -1 -1 -1
-1 -1 -1 -1 -1 -1
-1 -1 -1 -1 -1 -1
-1 -1 -1 -1 -1 -1
-1 -1 -1 -1 -1 -1
-1 -1 -1 -1 -1 -1
-1 -1 -1 -1 -1 -1
-1 -1 -1 -1 -1 -1
-1 -1 -1 -1 -1 -1
-1 -1 -1 -1 -1 -1
-1 -1 -1 -1 -1 -1
-1 -1 -1 -1 -1 -1
-1 -1 -1 -1 -1 -1
-8.6107 11.8321 -7.7328 0.9570 0.1331 -0.2068
-1 -1 -1 -1 -1 -1
-1 -1 -1 -1 -1 -1
-5.8168 42.9695 -15.3740 1.0129 0.1975 -0.0916
-5.5115 61.6565 -13.4656 1.0017 0.2451 0.0107
-1.5420 81.9618 -22.1832 0.9792 0.2791 -0.0115
2.1298 46.7328 -53.2672 1.3127 0.4963 0.0811
-30.1832 52.2824 43.0000 1.2573 -0.8477 0.7729
-53.4046 -87.3588 105.3817 1.2705 -0.4688 -0.1118
-87.3970 -80.5191 78.8550 1.1533 0.1553 0.1863
8.2290 -54.8092 -18.5344 0.9976 0.4026 0.4963
8.4122 -27.3893 -38.7863 0.6191 0.2578 -0.7422
11.0458 57.9008 -50.3740 0.6743 0.3367 -0.1016
-0.0229 -0.2977 0.3664 0.9802 0.1221 -0.1272
-0.1985 -2.6794 -4.7863 0.9541 0.1208 -0.1365
-1 -1 -1 -1 -1 -1
-1 -1 -1 -1 -1 -1
-1.3588 1.1298 -2.8702 0.9810 0.0886 -0.1479
-1.0534 -0.7557 -2.3893 0.9832 0.0898 -0.1509
-1 -1 -1 -1 -1 -1
-1 -1 -1 -1 -1 -1
-1 -1 -1 -1 -1 -1
-1 -1 -1 -1 -1 -1
-1 -1 -1 -1 -1 -1
-1 -1 -1 -1 -1 -1
-1 -1 -1 -1 -1 -1
-1 -1 -1 -1 -1 -1
-1 -1 -1 -1 -1 -1
-1 -1 -1 -1 -1 -1
-1 -1 -1 -1 -1 -1
-1 -1 -1 -1 -1 -1
-1 -1 -1 -1 -1 -1
-1 -1 -1 -1 -1 -1
-1 -1 -1 -1 -1 -1
-1 -1 -1 -1 -1 -1
-1 -1 -1 -1 -1 -1
13.5649 10.0916 6.1908 1.0496 -0.0234 -0.0823
10.5878 11.0076 5.8473 1.0068 -0.0872 -0.0596
6.4427 11.2824 2.0153 1.0002 -0.1011 -0.0496
13.6489 15.5954 3.0153 1.0176 -0.1033 -0.0408
37.2443 31.6565 16.4504 1.0999 -0.1108 -0.0623
31.9313 50.9618 33.7786 1.1917 -0.0020 -0.0010
23.8321 63.0611 68.8397 1.2178 -0.4751 -0.0620
153.4275 0.2443 -0.1298 0.4236 -0.2529 -0.1941
-28.0153 -98.5878 -51.6641 0.6489 0.3872 0.2944
-24.4198 -112.9695 -102.8855 1.1758 -0.0598 0.0842
-63.1832 -103.4428 -119.4962 1.2773 0.3132 0.0928
-107.4122 -11.0076 -11.9389 1.1877 -0.2788 0.2976
2.1145 23.7634 -12.1450 1.1616 0.7693 -0.0615
-5.7557 -38.2443 8.7557 0.9880 0.2034 -0.1733
-7.0305 -2.6565 19.3588 0.9719 0.2209 -0.1177
-10.4809 -6.1679 9.9771 0.9580 0.1992 -0.1907
-7.1756 -0.7710 8.5954 0.9709 0.2007 -0.1799
-0.9771 -3.9924 5.9389 0.9778 0.1392 -0.2012
0.2290 -2.7786 1.4962 0.9802 0.1719 -0.1978
-1.3969 6.3664 -2.8931 0.9507 0.1917 -0.1980
-2.9084 5.1374 -4.4275 0.9653 0.1982 -0.2290
2.5115 1.2061 -4.7328 0.9868 0.1887 -0.1636
-8.8168 7.2901 6.1832 0.9932 0.2744 -0.1807
-14.9542 8.0611 -6.2366 1.0139 0.0913 0.1191
20.3893 -128.5802 -17.8779 0.7090 0.3315 -0.9680
-5.1374 -39.7557 15.3282 0.9451 0.2859 -0.2554
-2.6947 -5.5878 5.1603 0.9531 0.1958 -0.1260
-6.9771 -2.1145 11.2824 0.9705 0.1914 -0.1248
-1.3588 2.9771 5.5649 0.9858 0.1758 -0.1299
-1 -1 -1 -1 -1 -1
-0.6565 0.2443 1.5573 0.9834 0.1614 -0.1289
-1.6489 0.3053 -0.0611 0.9934 0.1460 -0.1250
-1.9924 -0.5267 0.0840 0.9866 0.1372 -0.1272
-1.9771 0.2366 -1.2977 0.9856 0.1460 -0.1384
-0.5649 0.1985 -2.0076 0.9863 0.1438 -0.1465
-1.8244 -0.7176 -2.2443 0.9824 0.1460 -0.1475
-3.7863 2.7481 -1.2595 0.9922 0.1494 -0.1570
-1.6107 3.5725 -2.1450 0.9829 0.1450 -0.1506
-0.2061 2.2901 -2.4656 0.9824 0.1479 -0.1504
-1 -1 -1 -1 -1 -1
-1.2672 1.2290 -3.0687 0.9829 0.1538 -0.1453
-1.2748 2.8550 -2.3435 0.9841 0.1626 -0.1428
-0.7786 2.8244 -2.7405 0.9817 0.1577 -0.1404
-1.2595 3.5115 -3.0458 0.9758 0.1560 -0.1396
-1.6183 2.5573 -2.3740 0.9871 0.1646 -0.1465
-1.6412 4.2595 -4.4733 0.9834 0.1682 -0.1292
-3.4427 4.2977 -2.1908 0.9924 0.1633 -0.1423
-3.7481 6.3130 -1.2214 0.9844 0.1626 -0.1204
-1 -1 -1 -1 -1 -1
-1 -1 -1 -1 -1 -1
-1 -1 -1 -1 -1 -1
-3.2595 2.4198 0.7252 0.9878 0.1553 -0.1028
-1 -1 -1 -1 -1 -1
-1.2748 -1.9847 -2.4885 0.9885 0.1528 -0.1062
-0.7099 -4.7099 -6.7099 0.9827 0.1511 -0.1062
-4.7023 -7.7481 -11.4656 0.9775 0.1743 -0.1221
-0.9771 -6.5191 -8.7405 0.9814 0.1699 -0.1394
0.8092 -6.9618 -10.0229 0.9583 0.1990 -0.1567
-0.2443 -2.8702 -8.5649 0.9551 0.2185 -0.1863
0.4580 0.0153 -7.1679 0.9780 0.2058 -0.1587
-0.8168 3.5267 -3.3969 0.9631 0.2288 -0.1843
-1.4733 5.0763 -4.2977 0.9536 0.2263 -0.1814
2.0916 6.2214 -6.9618 0.9487 0.2458 -0.1648
-0.7710 7.7710 -5.3282 0.9478 0.2471 -0.1572
-0.6412 5.4656 -4.9466 0.9551 0.2322 -0.1592
-1.1679 6.6565 -5.4504 0.9607 0.2678 -0.1592
-0.7557 4.0458 -4.3588 0.9448 0.2725 -0.1484
-1.3130 7.8626 -5.0534 0.9473 0.2756 -0.1367
-3.8779 14.6412 -2.9771 0.9846 0.2998 -0.1091
-1.6107 12.1908 2.5038 0.9604 0.2822 -0.0984
2.1374 14.2290 0.7176 0.9795 0.2817 -0.0823
3.5954 14.8092 3.4580 0.9824 0.2634 -0.0652
-1.4427 13.7176 1.7786 0.9751 0.2537 -0.0403
0.2519 10.5725 -2.1756 0.9690 0.2559 -0.0134
1.9466 8.4733 -1.8931 0.9724 0.2502 -0.0093
-4.3664 7.1679 2.8855 0.9717 0.2649 0.0146
-7.9389 6.4733 8.1527 0.9883 0.2356 0.0076
-6.9237 4.2901 7.2290 0.9822 0.2471 0.0417
-4.7481 0.0687 1.8244 0.9890 0.2092 0.0520
-2.0382 -1.4809 0.4809 0.9985 0.2036 0.0283
-3.5725 -2.3130 0.6031 0.9924 0.2019 0.0403
-2.1221 1.6794 2.9924 1.0044 0.2063 0.0247
-4.0992 0.9084 4.8321 0.9990 0.2002 0.0122
-1.2595 -4.7176 -1.8702 0.9927 0.1770 0.0286
0.1221 2.1985 -1.2748 1.0078 0.1677 0.0120
-1 -1 -1 -1 -1 -1
-1 -1 -1 -1 -1 -1
-1 -1 -1 -1 -1 -1
-1 -1 -1 -1 -1 -1
-1 -1 -1 -1 -1 -1
-1 -1 -1 -1 -1 -1
-1 -1 -1 -1 -1 -1
-1 -1 -1 -1 -1 -1
-1 -1 -1 -1 -1 -1
-1 -1 -1 -1 -1 -1
-1 -1 -1 -1 -1 -1
-1 -1 -1 -1 -1 -1
-1 -1 -1 -1 -1 -1
-1 -1 -1 -1 -1 -1
-1 -1 -1 -1 -1 -1
-1 -1 -1 -1 -1 -1
-1 -1 -1 -1 -1 -1
-1 -1 -1 -1 -1 -1
-1 -1 -1 -1 -1 -1
-1 -1 -1 -1 -1 -1
-1 -1 -1 -1 -1 -1
-1 -1 -1 -1 -1 -1
-1 -1 -1 -1 -1 -1
-1 -1 -1 -1 -1 -1
-1 -1 -1 -1 -1 -1
-1 -1 -1 -1 -1 -1
-1 -1 -1 -1 -1 -1
-1 -1 -1 -1 -1 -1
-1 -1 -1 -1 -1 -1
-1 -1 -1 -1 -1 -1
-1 -1 -1 -1 -1 -1
-1 -1 -1 -1 -1 -1
-1 -1 -1 -1 -1 -1
-1 -1 -1 -1 -1 -1
-1 -1 -1 -1 -1 -1
-1 -1 -1 -1 -1 -1
-1 -1 -1 -1 -1 -1
-1 -1 -1 -1 -1 -1
-1 -1 -1 -1 -1 -1
-1 -1 -1 -1 -1 -1
-1 -1 -1 -1 -1 -1
-1 -1 -1 -1 -1 -1
-1 -1 -1 -1 -1 -1
-1 -1 -1 -1 -1 -1
-1 -1 -1 -1 -1 -1
-1 -1 -1 -1 -1 -1
-1 -1 -1 -1 -1 -1
-1 -1 -1 -1 -1 -1
-1 -1 -1 -1 -1 -1
-1 -1 -1 -1 -1 -1
-1 -1 -1 -1 -1 -1
-1 -1 -1 -1 -1 -1
-1 -1 -1 -1 -1 -1
-1 -1 -1 -1 -1 -1
-1 -1 -1 -1 -1 -1
-1 -1 -1 -1 -1 -1
-1 -1 -1 -1 -1 -1
-1 -1 -1 -1 -1 -1
-1 -1 -1 -1 -1 -1
-1 -1 -1 -1 -1 -1
-1 -1 -1 -1 -1 -1
-1 -1 -1 -1 -1 -1
-1 -1 -1 -1 -1 -1
-1 -1 -1 -1 -1 -1
-1 -1 -1 -1 -1 -1
-1 -1 -1 -1 -1 -1
-1 -1 -1 -1 -1 -1
-1 -1 -1 -1 -1 -1
-1 -1 -1 -1 -1 -1
-1 -1 -1 -1 -1 -1
-1 -1 -1 -1 -1 -1
-1 -1 -1 -1 -1 -1
-1 -1 -1 -1 -1 -1
-1 -1 -1 -1 -1 -1
-1 -1 -1 -1 -1 -1
-1 -1 -1 -1 -1 -1
-1 -1 -1 -1 -1 -1
-1 -1 -1 -1 -1 -1
-1 -1 -1 -1 -1 -1
-1 -1 -1 -1 -1 -1
-1 -1 -1 -1 -1 -1
-1 -1 -1 -1 -1 -1
-1 -1 -1 -1 -1 -1
-1 -1 -1 -1 -1 -1
-1 -1 -1 -1 -1 -1
-1 -1 -1 -1 -1 -1
-1 -1 -1 -1 -1 -1
-1 -1 -1 -1 -1 -1
-1 -1 -1 -1 -1 -1
-1 -1 -1 -1 -1 -1
-1 -1 -1 -1 -1 -1
-1 -1 -1 -1 -1 -1
-1 -1 -1 -1 -1 -1
-1 -1 -1 -1 -1 -1
-1 -1 -1 -1 -1 -1
-1 -1 -1 -1 -1 -1
-1 -1 -1 -1 -1 -1
-1 -1 -1 -1 -1 -1
-1 -1 -1 -1 -1 -1
-1 -1 -1 -1 -1 -1
-1 -1 -1 -1 -1 -1
-1 -1 -1 -1 -1 -1
-1 -1 -1 -1 -1 -1
-1 -1 -1 -1 -1 -1
-1 -1 -1 -1 -1 -1
-1 -1 -1 -1 -1 -1
-1 -1 -1 -1 -1 -1
-1 -1 -1 -1 -1 -1
-1 -1 -1 -1 -1 -1
-1 -1 -1 -1 -1 -1
-1 -1 -1 -1 -1 -1
-1 -1 -1 -1 -1 -1
-1 -1 -1 -1 -1 -1
-1 -1 -1 -1 -1 -1
-1 -1 -1 -1 -1 -1
-1 -1 -1 -1 -1 -1
-1 -1 -1 -1 -1 -1
-1 -1 -1 -1 -1 -1
-1 -1 -1 -1 -1 -1
-1 -1 -1 -1 -1 -1
-1 -1 -1 -1 -1 -1
-1 -1 -1 -1 -1 -1
-1 -1 -1 -1 -1 -1
-1 -1 -1 -1 -1 -1
-1 -1 -1 -1 -1 -1
-1 -1 -1 -1 -1 -1
-1 -1 -1 -1 -1 -1
-1 -1 -1 -1 -1 -1
-1 -1 -1 -1 -1 -1
-1 -1 -1 -1 -1 -1
-1 -1 -1 -1 -1 -1
-1 -1 -1 -1 -1 -1
-1 -1 -1 -1 -1 -1
-1 -1 -1 -1 -1 -1
-1 -1 -1 -1 -1 -1
-1 -1 -1 -1 -1 -1
-1 -1 -1 -1 -1 -1
-1 -1 -1 -1 -1 -1
-1 -1 -1 -1 -1 -1
-1 -1 -1 -1 -1 -1
-1 -1 -1 -1 -1 -1
-1 -1 -1 -1 -1 -1
-1 -1 -1 -1 -1 -1
-1 -1 -1 -1 -1 -1
-1 -1 -1 -1 -1 -1
-1 -1 -1 -1 -1 -1
-1 -1 -1 -1 -1 -1
-1 -1 -1 -1 -1 -1
-1 -1 -1 -1 -1 -1
-1 -1 -1 -1 -1 -1
-1 -1 -1 -1 -1 -1
-1 -1 -1 -1 -1 -1
-1 -1 -1 -1 -1 -1
-1 -1 -1 -1 -1 -1
-1 -1 -1 -1 -1 -1
-1 -1 -1 -1 -1 -1
-1 -1 -1 -1 -1 -1
-1 -1 -1 -1 -1 -1
-1 -1 -1 -1 -1 -1
-1 -1 -1 -1 -1 -1
-1 -1 -1 -1 -1 -1
-1 -1 -1 -1 -1 -1
-1 -1 -1 -1 -1 -1
-1 -1 -1 -1 -1 -1
-1 -1 -1 -1 -1 -1
-1 -1 -1 -1 -1 -1
-1 -1 -1 -1 -1 -1
-1 -1 -1 -1 -1 -1
-1 -1 -1 -1 -1 -1
-1 -1 -1 -1 -1 -1
-1 -1 -1 -1 -1 -1
-1 -1 -1 -1 -1 -1
-1 -1 -1 -1 -1 -1
-1 -1 -1 -1 -1 -1
-1 -1 -1 -1 -1 -1
-1 -1 -1 -1 -1 -1
-1 -1 -1 -1 -1 -1
-1 -1 -1 -1 -1 -1
-1 -1 -1 -1 -1 -1
-1 -1 -1 -1 -1 -1
-1 -1 -1 -1 -1 -1
-1 -1 -1 -1 -1 -1
-1 -1 -1 -1 -1 -1
-1 -1 -1 -1 -1 -1
-1 -1 -1 -1 -1 -1
-1 -1 -1 -1 -1 -1
-1 -1 -1 -1 -1 -1
-1 -1 -1 -1 -1 -1
-1 -1 -1 -1 -1 -1
-1 -1 -1 -1 -1 -1
-1 -1 -1 -1 -1 -1
-1 -1 -1 -1 -1 -1
-1 -1 -1 -1 -1 -1
-1 -1 -1 -1 -1 -1
-1 -1 -1 -1 -1 -1
-1 -1 -1 -1 -1 -1
-1 -1 -1 -1 -1 -1
-1 -1 -1 -1 -1 -1
-1 -1 -1 -1 -1 -1
-1 -1 -1 -1 -1 -1
-1 -1 -1 -1 -1 -1
-0.3817 2.6641 -13.7099 0.9761 0.1411 -0.0435
5.5725 -16.7405 -26.5267 0.9126 0.1284 -0.1150
14.6947 -19.5191 -27.1145 0.9189 0.2610 -0.1555
28.7710 -12.8092 -49.4275 1.1172 0.1951 -0.0461
102.2748 10.0229 -25.8244 1.0076 0.2034 -0.1445
59.4504 78.9160 56.4962 1.1985 0.1045 -0.0354
29.4427 32.7786 48.7634 0.8669 0.2185 -0.1104
78.2901 13.1450 -4.3664 0.9348 0.2070 -0.2539
0.2748 -8.1298 -41.0153 0.9756 -0.0417 -0.2048
-0.6412 -20.2672 -13.3969 0.9634 0.1958 -0.1731
-0.0992 -1.7939 0.6870 0.9978 0.2241 -0.1206
-2.0763 -1.8397 -0.8092 0.9812 0.1868 -0.1216
-6.1298 1.2290 2.9924 0.9832 0.1824 -0.1438
-5.1527 -1.5267 0.8168 0.9849 0.1929 -0.1335
-3.1679 0.0763 0.3511 0.9724 0.1880 -0.1448
-4.3969 2.5191 -0.7328 0.9651 0.1951 -0.1477
-3.0305 0.0000 -1.4733 0.9719 0.1919 -0.1438
-1.4046 2.2595 -3.2748 0.9846 0.1755 -0.1418
-2.0000 1.2519 -2.4885 0.9775 0.1880 -0.1399
-1.6412 1.6565 -3.6794 0.9800 0.1831 -0.1311
-0.9313 1.9466 -2.1450 0.9744 0.1895 -0.1255
-1.7099 1.2595 -1.9389 0.9768 0.1921 -0.1462
-1 -1 -1 -1 -1 -1
-1 -1 -1 -1 -1 -1
-1.7023 1.9160 -2.4962 0.9868 0.1985 -0.1306
-1.0916 2.8550 -2.4809 0.9766 0.2019 -0.1279
-1 -1 -1 -1 -1 -1
-1 -1 -1 -1 -1 -1
-1 -1 -1 -1 -1 -1
-1 -1 -1 -1 -1 -1
-1 -1 -1 -1 -1 -1
-1 -1 -1 -1 -1 -1
-1 -1 -1 -1 -1 -1
-1 -1 -1 -1 -1 -1
-1 -1 -1 -1 -1 -1
-1 -1 -1 -1 -1 -1
-1 -1 -1 -1 -1 -1
-1 -1 -1 -1 -1 -1
-1 -1 -1 -1 -1 -1
-1 -1 -1 -1 -1 -1
-1 -1 -1 -1 -1 -1
-1 -1 -1 -1 -1 -1
-1 -1 -1 -1 -1 -1
-1 -1 -1 -1 -1 -1
-1.3359 2.1756 -1.5191 0.9785 0.2061 -0.1111
-1.3969 1.9924 -1.0458 0.9763 0.2034 -0.1152
-1.3282 2.2061 -1.3206 0.9768 0.2056 -0.1133
-1.2366 1.9084 -1.8931 0.9778 0.2139 -0.1135
-1.4656 1.6260 -1.2519 0.9753 0.2041 -0.1084
-1.2672 2.0229 -1.5573 0.9761 0.2083 -0.1204
-1.4427 1.5038 -1.6260 0.9795 0.2024 -0.1062
-1.8626 1.4427 -0.9313 0.9734 0.2053 -0.1128
-1.4656 1.7710 -1.5038 0.9780 0.2046 -0.1162
-1.5573 1.7252 -1.1603 0.9771 0.2051 -0.1199
-1.3969 1.9847 -1.4656 0.9778 0.1968 -0.1123
-1 -1 -1 -1 -1 -1
-1 -1 -1 -1 -1 -1
-1.2061 2.1603 -1.6718 0.9751 0.1982 -0.1025
-1.5496 1.6641 -1.6947 0.9810 0.2036 -0.1167
-1.5038 1.5344 -1.9542 0.9700 0.2095 -0.1167
-1.5115 1.7481 -2.1679 0.9736 0.2053 -0.1008
-1 -1 -1 -1 -1 -1
-1.2595 1.3359 -1.5802 0.9763 0.2017 -0.1077
-1.5344 1.4351 -2.1221 0.9795 0.2019 -0.1221
-1.5573 1.7328 -1.3435 0.9741 0.2092 -0.1211
-1.3435 1.7786 -1.8931 0.9768 0.2061 -0.1050
-1.0229 1.7786 -2.3969 0.9758 0.2117 -0.1086
-1.4580 3.9466 -1.3053 0.9963 0.2061 -0.0938
-1.5344 1.8397 -1.1069 0.9802 0.2100 -0.1101
-1.6183 1.9618 -1.4122 0.9824 0.2034 -0.1033
-1.5725 2.0382 -1.7557 0.9807 0.2087 -0.1187
-1.3053 1.5954 -1.6641 0.9805 0.2046 -0.1082
-1.4046 1.6489 -1.6794 0.9797 0.2117 -0.1123
-1.1985 1.8092 -2.0229 0.9810 0.2090 -0.1125
-1.0840 2.1221 -1.9389 0.9731 0.2126 -0.1060
-1.3817 1.8244 -1.5878 0.9756 0.2104 -0.0996
-1.4275 2.0916 -1.5267 0.9756 0.2131 -0.1038
-1.7939 1.9313 -1.5573 0.9741 0.2141 -0.1016
-1.5878 2.1603 -1.3817 0.9758 0.2146 -0.0947
-1.5267 1.9313 -1.6794 0.9827 0.2024 -0.1057
-1.0000 2.0229 -1.9084 0.9773 0.2131 -0.1045
-1.4351 1.5420 -1.5802 0.9783 0.2046 -0.0984
-1.4504 1.9695 -1.4733 0.9802 0.2092 -0.0986
-1 -1 -1 -1 -1 -1
-1.6260 1.5496 -1.4427 0.9773 0.2090 -0.1023
-1.6336 1.6412 -1.4885 0.9814 0.2070 -0.1006
-1.1221 0.8779 -1.6641 0.9746 0.2107 -0.1150
-1.1603 1.5115 -1.2824 0.9795 0.2046 -0.1035
-1.3893 1.3511 -1.1374 0.9766 0.2114 -0.0950
-1.5878 1.7557 -1.3359 0.9814 0.2004 -0.0945
-1 -1 -1 -1 -1 -1
-1 -1 -1 -1 -1 -1
-1.5573 1.4656 -1.4885 0.9846 0.2061 -0.1030
-1.4275 1.5038 -1.7481 0.9800 0.2090 -0.1028
-1.2977 1.3893 -1.7786 0.9800 0.2119 -0.1045
-1.2443 1.6107 -1.6947 0.9792 0.2090 -0.1008
-1.6183 0.9924 -1.6947 0.9819 0.2070 -0.0989
-1 -1 -1 -1 -1 -1
-1 -1 -1 -1 -1 -1
-1.3053 1.5191 -1.5878 0.9812 0.2061 -0.0974
-1 -1 -1 -1 -1 -1
-1 -1 -1 -1 -1 -1
-1.2061 1.6947 -1.9160 0.9795 0.2075 -0.1001
-1.3359 1.8931 -1.7634 0.9807 0.2078 -0.1069
-1.6565 1.6260 -1.7176 0.9792 0.2024 -0.1033
-1.4351 1.6565 -1.6336 0.9824 0.2114 -0.1118
-1.6718 1.3053 -1.7939 0.9783 0.2097 -0.1067
-1.7786 1.5420 -1.4733 0.9783 0.2085 -0.0911
-1 -1 -1 -1 -1 -1
-1 -1 -1 -1 -1 -1
-1 -1 -1 -1 -1 -1
-1.3893 1.4656 -1.4733 0.9810 0.2048 -0.1030
-1.3435 1.8550 -1.8244 0.9792 0.2051 -0.1042
-1 -1 -1 -1 -1 -1
-1.5573 1.6565 -1.3435 0.9766 0.2104 -0.1045
-1 -1 -1 -1 -1 -1
-1 -1 -1 -1 -1 -1
-1.5267 1.6794 -1.3359 0.9741 0.2092 -0.1045
-1.5878 1.0611 -1.5802 0.9819 0.2024 -0.1011
-1.3053 1.6794 -1.4580 0.9761 0.2087 -0.1072
-1 -1 -1 -1 -1 -1
-1 -1 -1 -1 -1 -1
-1 -1 -1 -1 -1 -1
-1.6718 1.5725 -1.8244 0.9805 0.2029 -0.1028
-1.7481 1.1221 -1.4351 0.9785 0.2061 -0.1023
-1.8321 1.4427 -1.2519 0.9849 0.2058 -0.0972
-1 -1 -1 -1 -1 -1
-1 -1 -1 -1 -1 -1
-1 -1 -1 -1 -1 -1
-1 -1 -1 -1 -1 -1
-1.3206 1.5573 -1.2901 0.9792 0.2083 -0.1074
-1.4962 1.2901 -1.4733 0.9814 0.2185 -0.1013
-2.0229 0.5954 -1.3969 0.9802 0.1965 -0.1121
-1.6260 1.1221 -1.6183 0.9819 0.2151 -0.1169
-2.1908 2.0000 -1.1527 0.9880 0.1995 -0.1021
-1.2672 1.3664 -1.1985 0.9783 0.2083 -0.1099
-0.9160 1.6947 -1.7863 0.9788 0.2048 -0.1152
-1.2519 1.2366 -1.3053 0.9797 0.2053 -0.1128
-1.5878 1.3053 -1.0916 0.9766 0.2041 -0.1208
-1.8397 1.3664 -1.2595 0.9775 0.2070 -0.1211
-1.6947 1.4809 -1.0534 0.9778 0.2048 -0.1116
-1.4580 2.6565 -1.2061 0.9807 0.1921 -0.1182
-1.4809 1.3664 -1.4351 0.9807 0.2063 -0.1084
-1.1298 1.5573 -1.7634 0.9709 0.2048 -0.1128
-1.4198 1.6489 -1.1603 0.9741 0.2026 -0.1160
-1.9084 0.7634 -1.0534 0.9780 0.2039 -0.1172
-2.1832 1.7863 -0.7710 0.9902 0.1853 -0.1348
-1.6183 1.4046 -0.9771 0.9829 0.2009 -0.1226
-1.6870 1.2443 -1.4656 0.9805 0.2034 -0.1218
-0.5573 2.0305 -2.2595 0.9795 0.2051 -0.0994
-1.7252 1.2290 -1.4198 0.9744 0.1924 -0.1301
-1.4427 1.4275 -1.5344 0.9775 0.1987 -0.1238
-1.3511 1.5725 -1.8321 0.9790 0.1936 -0.1235
-1.4504 1.4046 -1.8244 0.9819 0.1958 -0.1191
-1.7023 1.5649 -1.6183 0.9814 0.2009 -0.1211
-1 -1 -1 -1 -1 -1
-1.5573 1.5954 -1.2672 0.9736 0.1965 -0.1262
-1.3206 1.0687 -1.3740 0.9778 0.2036 -0.1208
-1.6565 1.2824 -1.2519 0.9792 0.2000 -0.1382
-1 -1 -1 -1 -1 -1
-1.3511 1.2672 -1.8321 0.9709 0.1973 -0.1277
-1.7099 1.1756 -1.5573 0.9856 0.1926 -0.1313
-1.3740 1.2824 -1.5267 0.9753 0.1929 -0.1277
-1.4580 1.4504 -1.8855 0.9778 0.1997 -0.1309
-1 -1 -1 -1 -1 -1
-1.5420 1.8473 -1.6031 0.9805 0.1956 -0.1311
-1.3969 1.7557 -1.6794 0.9736 0.1926 -0.1218
-1.5649 1.2137 -1.8092 0.9778 0.1990 -0.1311
-1.3969 1.4198 -1.8779 0.9807 0.1929 -0.1321
-1.1145 1.6641 -1.3359 0.9714 0.1995 -0.1270
-1.2137 1.9237 -1.6412 0.9729 0.1973 -0.1340
-1.2595 1.4122 -1.5573 0.9810 0.1987 -0.1299
-1.6260 1.2901 -1.8168 0.9778 0.1997 -0.1375
-1.5954 2.6565 -1.4046 0.9709 0.1973 -0.1125
-1.6183 1.3282 -1.2290 0.9780 0.1980 -0.1292
-1.6489 1.4733 -1.1603 0.9771 0.1941 -0.1357
-2.0840 1.2061 -0.7557 0.9749 0.1995 -0.1238
-1.3282 1.8397 -1.2366 0.9785 0.1948 -0.1313
-1.5038 0.2824 -0.5344 0.9851 0.1841 -0.1372
-1.5344 0.6336 -0.7176 0.9702 0.1912 -0.1394
-0.9008 1.8931 -1.0382 0.9771 0.1926 -0.1194
-1.4656 0.9847 -1.0992 0.9741 0.1926 -0.1355
-1.3435 1.9466 -1.4504 0.9792 0.1890 -0.1294
-1.0458 2.0611 -1.3817 0.9814 0.1934 -0.1357
-1.3435 1.8702 -1.5573 0.9746 0.1931 -0.1309
-1.4427 1.7710 -1.5878 0.9749 0.1929 -0.1328
-1.4656 2.0305 -1.5191 0.9836 0.1841 -0.1321
-1.3969 2.2214 -1.6947 0.9783 0.1890 -0.1331
-1.6183 1.5420 -1.3588 0.9812 0.1880 -0.1333
-1.8168 1.7252 -1.6412 0.9802 0.1912 -0.1194
-1.3969 1.7405 -1.5496 0.9849 0.1833 -0.1265
-1.3282 1.4275 -1.2137 0.9812 0.1841 -0.1250
-1.0229 1.6412 -1.3511 0.9714 0.1909 -0.1257
-1 -1 -1 -1 -1 -1
-1.4733 1.5573 -1.6336 0.9834 0.1853 -0.1328
-1.2901 1.8092 -1.9313 0.9800 0.1855 -0.1304
-1.6107 1.9542 -1.5725 0.9775 0.1887 -0.1284
-1 -1 -1 -1 -1 -1
-1.1527 1.8168 -1.6565 0.9856 0.1824 -0.1321
-1.5725 1.6412 -1.0076 0.9814 0.1853 -0.1301
-1.5573 1.1985 -1.0687 0.9805 0.1841 -0.1294
-0.9237 1.4580 -1.2748 0.9780 0.1855 -0.1272
-0.8931 1.0611 -1.5420 0.9822 0.1877 -0.1335
-1.4962 0.7023 -1.5802 0.9788 0.1831 -0.1362
-1.3435 1.6031 -1.5649 0.9753 0.1877 -0.1372
-1 -1 -1 -1 -1 -1
-1.5649 1.5878 -1.2290 0.9785 0.1743 -0.1321
-1.6565 1.4046 -1.7939 0.9812 0.1858 -0.1382
-1 -1 -1 -1 -1 -1
-2.3664 0.3664 -1.1603 0.9836 0.1838 -0.1277
-1 -1 -1 -1 -1 -1
-0.9847 1.6870 -1.3969 0.9800 0.1785 -0.1279
-1.3588 1.9695 -1.4427 0.9834 0.1746 -0.1357
-1.5573 2.3359 -0.6718 0.9792 0.1812 -0.1401
-1.1756 2.0153 -1.2443 0.9812 0.1741 -0.1331
-1.0840 2.2443 -1.4809 0.9775 0.1780 -0.1331
-1.0687 2.2290 -2.0687 0.9788 0.1770 -0.1255
-1.9313 1.8397 -1.6947 0.9800 0.1711 -0.1318
-2.0000 2.0382 -2.1908 0.9795 0.1702 -0.1252
-1.6412 0.5344 -2.4198 0.9746 0.1812 -0.1296
-1.7557 1.4122 -1.6031 0.9817 0.1746 -0.1316
-1 -1 -1 -1 -1 -1
-1 -1 -1 -1 -1 -1
-1 -1 -1 -1 -1 -1
-1 -1 -1 -1 -1 -1
-1 -1 -1 -1 -1 -1
-1 -1 -1 -1 -1 -1
-1 -1 -1 -1 -1 -1
-1 -1 -1 -1 -1 -1
-1 -1 -1 -1 -1 -1
-1.0229 0.9924 -1.4046 0.9795 0.1880 -0.1299
-2.2137 -0.1069 0.5802 0.9834 0.1760 -0.1377
-2.9695 -0.1450 -0.1450 0.9751 0.1768 -0.1450
-5.3282 -0.3588 1.9771 0.9756 0.1753 -0.1316
-8.7634 0.1679 3.3206 0.9866 0.1799 -0.1365
-8.8473 2.3893 2.9008 0.9873 0.1553 -0.1262
-6.4198 2.7176 1.7939 0.9807 0.1519 -0.1345
-2.3130 2.8321 -0.3817 0.9961 0.1470 -0.1274
-1.6412 3.2748 -1.0763 0.9868 0.1487 -0.1240
-1.6260 2.3282 -1.1145 0.9900 0.1499 -0.1055
-1.4656 1.3359 -1.5573 0.9875 0.1492 -0.1182
-1.1221 2.3282 -1.6412 0.9900 0.1418 -0.1191
-1.3740 2.5344 -1.5649 0.9890 0.1489 -0.1204
-0.8702 1.7481 -1.7786 0.9861 0.1411 -0.1150
-1.0382 1.5954 -2.3053 0.9846 0.1467 -0.1162
-1.5725 1.3359 -1.7252 0.9929 0.1516 -0.1196
-0.9618 1.7176 -1.4580 0.9976 0.1448 -0.1084
-1.3740 1.6412 -1.6031 0.9858 0.1438 -0.1257
-1.3206 1.6107 -1.5191 0.9883 0.1440 -0.1123
-1.8473 0.5191 -1.8015 0.9937 0.1504 -0.1230
-1.8244 1.3893 -1.4427 0.9893 0.1458 -0.1204
-1.6870 1.6947 -0.8397 0.9937 0.1343 -0.1133
-1.4427 1.8321 -1.7252 0.9868 0.1392 -0.1152
-1.0076 3.4504 -1.9924 0.9905 0.1509 -0.1128
-1 -1 -1 -1 -1 -1
-1.9313 2.1985 -1.6641 0.9854 0.1506 -0.1013
-1.7023 1.4809 -1.7939 0.9849 0.1509 -0.1099
-1 -1 -1 -1 -1 -1
-1.3588 2.2443 -1.4809 0.9941 0.1426 -0.1057
-1.6107 1.5878 -1.2977 0.9939 0.1487 -0.1121
-1.5420 2.0076 -1.3359 0.9946 0.1528 -0.1045
-1.2595 1.6031 -1.8015 0.9880 0.1497 -0.1101
-1.4885 0.9466 -1.1374 0.9883 0.1531 -0.1099
-1 -1 -1 -1 -1 -1
-1.8702 0.8397 -0.6718 0.9902 0.1504 -0.1062
-2.3817 0.2519 -0.2595 0.9897 0.1509 -0.1072
-1 -1 -1 -1 -1 -1
-2.6031 -0.3893 0.2824 0.9951 0.1455 -0.1116
-1 -1 -1 -1 -1 -1
-1 -1 -1 -1 -1 -1
-1 -1 -1 -1 -1 -1
-2.5038 2.5267 0.3969 0.9966 0.1489 -0.1187
-1.8473 3.5878 2.5115 0.9895 0.1279 -0.1082
-1.3740 -0.8626 -0.1603 0.9993 0.1143 -0.1079
-1.0763 0.0992 -1.0305 0.9849 0.1172 -0.1191
-2.1145 2.6260 2.7252 0.9946 0.1125 -0.1204
-0.6947 2.8092 3.1908 0.9954 0.0903 -0.1199
-1.1832 1.9389 3.5038 0.9966 0.0962 -0.1118
-3.9695 0.0153 4.1374 0.9880 0.0769 -0.1191
-2.4198 0.5191 1.4046 0.9910 0.0669 -0.1145
-1 -1 -1 -1 -1 -1
-2.5420 1.6718 1.2366 0.9944 0.0588 -0.1145
-2.7710 2.5267 0.6336 0.9983 0.0627 -0.1162
-1.8397 1.9237 0.0229 0.9993 0.0535 -0.1187
-1.5802 1.4656 -0.5420 1.0029 0.0542 -0.1250
-2.4504 1.0763 -0.6870 0.9966 0.0518 -0.1165
-1 -1 -1 -1 -1 -1
-1 -1 -1 -1 -1 -1
-1.6489 1.9008 -1.0076 1.0032 0.0566 -0.1135
-1.2901 2.2214 -1.9008 1.0044 0.0513 -0.1208
-0.4427 2.0458 -2.0229 1.0125 0.0515 -0.1074
-0.3435 1.6794 -2.2901 1.0066 0.0505 -0.1052
-0.5267 3.9695 -0.3740 1.0054 0.0520 -0.1082
-2.1603 2.4962 -0.8473 1.0020 0.0542 -0.1006
-3.8931 -0.1679 -2.2519 1.0051 0.0520 -0.0989
-2.8015 0.0992 -2.5573 1.0054 0.0618 -0.1104
-2.0611 0.6412 -1.5649 1.0000 0.0586 -0.1152