-35.9618 -3.1450 1.4656 0.9714 0.2378 0.1768
-40.4504 -4.9313 2.7023 0.9668 0.2327 0.1230
-42.4046 -6.0763 2.5802 0.9709 0.2378 0.1318
-39.9160 -4.6260 1.4962 0.9690 0.2344 0.1260
-37.4504 -4.2061 1.4351 0.9702 0.2407 0.1292
-39.4656 -5.2672 2.4198 0.9668 0.2407 0.1248
-38.6641 -4.9466 1.9389 0.9619 0.2312 0.1265
-37.2366 -4.7405 1.5115 0.9656 0.2292 0.1309
-37.7557 -4.2519 1.8168 0.9583 0.2454 0.1467
-38.9237 -4.5496 2.0305 0.9614 0.2388 0.1243
-1 -1 -1 -1 -1 -1
-1 -1 -1 -1 -1 -1
-1 -1 -1 -1 -1 -1
-1 -1 -1 -1 -1 -1
-1 -1 -1 -1 -1 -1
-1 -1 -1 -1 -1 -1
-1 -1 -1 -1 -1 -1
-1 -1 -1 -1 -1 -1
-1 -1 -1 -1 -1 -1
-1 -1 -1 -1 -1 -1
-1 -1 -1 -1 -1 -1
-1 -1 -1 -1 -1 -1
-1 -1 -1 -1 -1 -1
-1 -1 -1 -1 -1 -1
-1 -1 -1 -1 -1 -1
-1 -1 -1 -1 -1 -1
-1 -1 -1 -1 -1 -1
-1 -1 -1 -1 -1 -1
-1 -1 -1 -1 -1 -1
-1 -1 -1 -1 -1 -1
-1 -1 -1 -1 -1 -1
-35.2366 -10.6794 5.4885 0.9687 0.2061 0.1040
-1 -1 -1 -1 -1 -1
-26.3588 -29.9084 6.5115 0.9744 0.1792 0.0566
-9.8092 -22.6412 9.2137 1.0195 0.0920 -0.0945
5.8473 -14.4809 15.0153 1.1650 -0.1855 -0.0288
-22.8626 14.6107 60.8168 1.0364 -0.3042 -0.0769
-83.9695 26.8244 61.9771 1.0801 0.0496 0.0010
-30.8092 16.1603 44.6565 0.9563 0.1377 0.0146
-72.4886 -21.3740 16.2061 0.8538 0.0408 -0.0066
-92.2977 -33.7939 -20.5038 0.8293 0.0967 -0.0430
-8.0382 -36.6260 -58.3740 1.0127 -0.0024 0.0784
-86.4504 -12.8397 -51.4809 0.9189 -0.0239 -0.0662
-67.9542 7.0611 -34.4351 1.0198 0.1548 -0.0972
-83.7405 -8.7786 -12.5802 0.9290 0.2976 -0.0366
-56.5344 -14.4733 -6.4733 0.9810 0.1333 -0.0996
-44.5191 6.3740 -5.7023 0.9932 0.2021 -0.0786
-49.9618 24.1527 -0.3206 0.8894 0.2461 -0.1294
-30.3282 11.1603 -0.3740 0.8992 0.2808 0.0493
-40.4656 5.5038 -1.4733 0.9924 0.2063 0.0178
-50.7939 -0.3969 -0.4733 0.9470 0.2463 0.0854
-40.0000 1.0916 -0.8855 0.9644 0.2356 0.0581
-27.5802 1.4580 8.3359 0.9534 0.1108 0.0859
-28.4580 -0.3893 5.9008 0.9556 0.2041 0.0947
-42.0229 -5.1908 1.6565 0.9675 0.2356 0.0981
-38.6489 -2.9695 1.2443 0.9631 0.2505 0.0947
-38.9771 -3.9618 1.9542 0.9685 0.2373 0.0994
-36.0382 -2.3130 0.6489 0.9624 0.2480 0.0916
-1 -1 -1 -1 -1 -1
-1 -1 -1 -1 -1 -1
-1 -1 -1 -1 -1 -1
-1 -1 -1 -1 -1 -1
-39.0687 -4.6641 2.5115 0.9595 0.2383 0.1028
-1 -1 -1 -1 -1 -1
-1 -1 -1 -1 -1 -1
-1 -1 -1 -1 -1 -1
-1 -1 -1 -1 -1 -1
-1 -1 -1 -1 -1 -1
-1 -1 -1 -1 -1 -1
-1 -1 -1 -1 -1 -1
-1 -1 -1 -1 -1 -1
-1 -1 -1 -1 -1 -1
-1 -1 -1 -1 -1 -1
-11.9847 -31.8321 -0.4122 0.9346 0.2996 0.0811
-21.1374 -24.3664 21.4427 0.9883 0.2300 0.0037
-25.1298 -18.3740 22.2901 0.9783 0.1960 -0.0359
-31.7710 -24.5114 25.2595 0.9836 0.1394 -0.0962
-22.2443 -40.4580 32.9313 0.9707 0.0479 -0.0803
-21.7328 -48.1450 37.2290 0.9661 0.0962 -0.1191
-37.5802 -15.0763 40.9924 0.9792 0.1475 -0.3708
-92.9695 70.8244 86.5878 1.7766 -0.2368 -0.0913
66.2443 22.7786 -0.9160 0.7595 0.4758 -0.6316
-85.8779 -62.7481 -81.1908 0.8708 0.2180 -0.1548
-92.5038 -29.2977 -57.4733 0.9648 -0.2673 -0.1343
-67.9466 11.8702 -66.9237 1.0752 -0.2014 -0.1733
-37.6641 44.2443 -38.4656 0.9678 -0.2893 -0.0352
-25.7176 35.6107 -35.0305 0.9915 0.9346 -0.0508
-11.9466 28.4962 0.4504 0.9131 0.0471 0.0430
-56.7099 12.4885 1.7481 0.9993 0.1184 0.0859
-55.3053 -6.0916 4.7328 0.9575 0.2524 0.0730
-40.5115 -6.3053 0.8092 0.9753 0.2117 0.0859
-38.4046 -2.5954 1.4885 0.9639 0.2305 0.0835
-1 -1 -1 -1 -1 -1
-39.0611 -6.6489 1.3817 0.9753 0.2256 0.0823
-39.1679 -4.6947 1.4427 0.9722 0.2312 0.0884
-37.2672 -2.7481 1.2290 0.9712 0.2231 0.0813
-1 -1 -1 -1 -1 -1
-1 -1 -1 -1 -1 -1
-1 -1 -1 -1 -1 -1
-1 -1 -1 -1 -1 -1
-1 -1 -1 -1 -1 -1
-39.2824 -4.2824 1.7939 0.9722 0.2258 0.0881
-38.6565 -3.9160 1.9160 0.9680 0.2227 0.0881
-1 -1 -1 -1 -1 -1
-1 -1 -1 -1 -1 -1
-1 -1 -1 -1 -1 -1
-38.8473 -5.0687 1.6718 0.9729 0.2344 0.0813
-1 -1 -1 -1 -1 -1
-1 -1 -1 -1 -1 -1
-1 -1 -1 -1 -1 -1
-1 -1 -1 -1 -1 -1
-35.1298 -2.9847 1.0382 0.9675 0.2187 0.0737
-1 -1 -1 -1 -1 -1
-1 -1 -1 -1 -1 -1
-1 -1 -1 -1 -1 -1
-1 -1 -1 -1 -1 -1
-38.8779 -5.0305 2.6718 0.9727 0.2239 0.0991
-1 -1 -1 -1 -1 -1
-1 -1 -1 -1 -1 -1
-1 -1 -1 -1 -1 -1
-1 -1 -1 -1 -1 -1
-1 -1 -1 -1 -1 -1
-1 -1 -1 -1 -1 -1
-1 -1 -1 -1 -1 -1
-1 -1 -1 -1 -1 -1
-1 -1 -1 -1 -1 -1
36.0076 -65.0076 -1.0840 1.2163 -0.1262 0.0613
-61.4733 -10.0076 73.3130 1.0056 -0.4604 -0.0266
-53.5878 26.1908 87.9542 1.1021 -0.2083 -0.0688
-22.9008 32.8931 73.2366 0.9915 -0.0381 0.0325
-71.6260 8.3817 28.6718 0.7559 0.1746 -0.1218
-53.6870 -54.0458 -78.5496 1.3865 0.8291 -0.2046
-114.3817 10.4580 -88.9160 0.8010 -0.2451 -0.3608
-49.9847 21.0916 -51.5115 0.8757 -0.0042 -0.0251
-38.1450 3.2214 -35.3359 0.9629 0.1887 -0.0071
-52.7634 3.6794 -17.3664 0.9536 0.1980 0.0056
-52.3282 7.4580 -4.0382 1.0093 0.2117 -0.0061
-46.7557 13.4580 19.1298 0.8586 -0.0916 -0.1736
-19.5114 -0.1756 -2.8321 0.9749 0.3364 0.1777
-39.0916 -0.7710 -1.0000 0.9929 0.2073 0.1140
-36.2824 -9.4275 3.3053 0.9670 0.2317 0.1143
-42.5573 -10.6794 -0.0458 0.9863 0.2148 0.0703
-38.9008 0.3511 0.1832 0.9678 0.2148 0.0918
-39.6565 -0.6870 -1.6336 0.9756 0.2290 0.0901
-37.3206 0.6031 -1.2672 0.9773 0.2192 0.1326
-17.9847 0.5573 3.5115 0.9971 0.3779 0.1338
-43.0992 -7.4122 2.2748 0.9709 0.2314 0.0979
-41.6794 -7.6336 1.7023 0.9678 0.2432 0.1082
-38.2977 -4.0458 0.9466 0.9675 0.2339 0.1025
-33.6107 -1.3817 0.0153 0.9673 0.2405 0.1077
-38.7252 -4.6870 2.0153 0.9663 0.2437 0.1060
-1 -1 -1 -1 -1 -1
-1 -1 -1 -1 -1 -1
-1 -1 -1 -1 -1 -1
-38.9847 -6.4504 2.7786 0.9622 0.2354 0.1011
-38.9924 -6.0305 3.1145 0.9658 0.2356 0.0972
-1 -1 -1 -1 -1 -1
-1 -1 -1 -1 -1 -1
-1 -1 -1 -1 -1 -1
-1 -1 -1 -1 -1 -1
-1 -1 -1 -1 -1 -1
-1 -1 -1 -1 -1 -1
-1 -1 -1 -1 -1 -1
-1 -1 -1 -1 -1 -1
-1 -1 -1 -1 -1 -1
8.5191 -14.9542 5.3511 0.9568 0.2764 0.1028
-17.3893 -13.4122 17.7939 0.9578 0.2720 0.0603
-31.8702 -8.7634 24.6260 0.9897 0.2017 0.0061
-54.0763 -8.0992 22.9695 0.9702 0.1646 -0.0020
-52.2443 -16.1145 28.3588 0.9724 0.0132 -0.0667
-41.7786 -27.4427 49.3740 0.9653 -0.0405 0.0242
-60.8321 -33.5496 70.8626 1.0642 -0.1970 -0.0886
-46.3511 7.2366 71.9618 1.2556 0.3867 0.1553
-8.2519 -44.5573 -23.8397 0.9912 0.5750 -0.4900
-12.2824 -60.9237 -76.8779 0.9268 -0.2122 -0.1912
-125.6260 -10.0305 -63.5267 1.0205 -0.1277 -0.1614
-54.2519 47.0534 -51.1069 0.9990 -0.3616 -0.0889
-114.3283 36.2519 -76.8550 0.8582 1.9094 0.7212
-21.1832 38.0153 4.2366 0.9607 0.0974 -0.0029
-49.1985 11.6107 -2.4122 0.9924 0.1094 0.1509
-46.4351 -9.7328 3.9847 0.9734 0.2034 0.1360
-1 -1 -1 -1 -1 -1
-41.8244 -6.0840 0.7863 0.9722 0.2180 0.1040
-36.3740 -3.3740 -0.6947 0.9568 0.1953 0.1013
-35.7557 -4.8702 1.5878 0.9805 0.2815 0.1228
-38.3359 -3.5878 1.4656 0.9636 0.2441 0.1030
-38.9237 -4.8473 3.4351 0.9661 0.2378 0.1301
-38.6183 -5.1298 2.8779 0.9644 0.2268 0.1213
-37.8779 -3.9466 3.0305 0.9722 0.2310 0.1309
-1 -1 -1 -1 -1 -1
-41.5649 -6.3511 2.9618 0.9700 0.2302 0.1067
-41.2366 -5.6641 2.7405 0.9658 0.2319 0.1121
-1 -1 -1 -1 -1 -1
-38.5420 -4.0382 1.4962 0.9631 0.2275 0.1018
-1 -1 -1 -1 -1 -1
-25.6260 -4.0153 6.9695 0.9194 0.0420 0.0815
-38.3664 -4.7176 1.7634 0.9695 0.2585 0.1118
-35.2290 -4.8702 3.4427 0.9670 0.2156 0.1174
-1 -1 -1 -1 -1 -1
-1 -1 -1 -1 -1 -1
-1 -1 -1 -1 -1 -1
-1 -1 -1 -1 -1 -1
-1 -1 -1 -1 -1 -1
-1 -1 -1 -1 -1 -1
-1 -1 -1 -1 -1 -1
-1 -1 -1 -1 -1 -1
-1 -1 -1 -1 -1 -1
-27.3130 -30.7176 5.7252 0.9661 0.2107 0.1260
39.4733 -46.5420 22.2366 1.3689 -0.6262 0.1851
-10.9160 15.3206 62.6641 1.0269 -0.3076 -0.0071
-69.0687 47.9618 84.7710 1.0796 -0.2117 -0.0054
-49.2137 28.9466 69.9695 0.9282 0.2119 -0.0552
-109.8779 -23.6870 18.8397 0.7446 0.1956 -0.0911
-12.9695 -52.7176 -47.3740 1.0447 0.2781 -0.4373
-123.4351 -16.5802 -85.0534 1.2061 -0.2312 -0.2600
-22.8855 26.0916 -51.1603 0.9768 0.1709 0.0034
-25.4198 2.3359 -24.8092 0.9724 0.0491 0.1011
-60.6718 -2.4733 -13.0153 0.8687 0.1548 0.0354
-61.2137 -0.2824 -7.1450 1.0239 0.2246 0.0356
-78.2672 18.0229 1.9695 0.9370 0.1909 0.0916
-52.7328 -19.8397 -4.4733 0.9680 0.1597 0.0488
-33.7405 14.6260 -4.3130 1.0017 0.1943 0.0996
-38.0992 -3.6565 -0.3588 0.9507 0.2742 0.1924
-40.8168 -5.0305 -0.6641 0.9668 0.2478 0.1326
-43.1603 -8.2443 6.9771 0.9417 0.2034 0.1677
-1 -1 -1 -1 -1 -1
-37.0153 -7.8931 4.5573 0.9695 0.2437 0.1201
-38.5878 -5.2977 2.7328 0.9709 0.2351 0.1375
-36.2137 -6.0534 2.0305 0.9636 0.2302 0.1228
-38.2061 -6.1298 2.3664 0.9687 0.2361 0.1240
-41.7252 -7.2519 2.6641 0.9651 0.2324 0.1191
-1 -1 -1 -1 -1 -1
-38.9466 -5.6718 2.6107 0.9683 0.2361 0.1074
-39.5802 -5.4198 2.8321 0.9602 0.2380 0.1157
-1 -1 -1 -1 -1 -1
-37.8321 -5.5802 2.7863 0.9626 0.2288 0.1152
-38.8702 -4.6870 2.0763 0.9739 0.2300 0.1045
-1 -1 -1 -1 -1 -1
-34.5267 -3.4962 0.8702 0.9702 0.2258 0.1082
-1 -1 -1 -1 -1 -1
-1 -1 -1 -1 -1 -1
-1 -1 -1 -1 -1 -1
-1 -1 -1 -1 -1 -1
-1 -1 -1 -1 -1 -1
-1 -1 -1 -1 -1 -1
-1 -1 -1 -1 -1 -1
-1 -1 -1 -1 -1 -1
-1 -1 -1 -1 -1 -1
-38.7328 -4.0611 1.7481 0.9663 0.2227 0.1133
-1 -1 -1 -1 -1 -1
-38.3282 -9.1298 0.7710 0.9600 0.1836 0.0837
-21.5191 -22.5038 11.5344 0.9734 0.2554 0.0483
-26.2977 -6.4198 15.6947 0.9749 0.2339 0.0442
-24.5954 -11.2672 17.6107 0.9563 0.2166 0.0825
-26.7252 -18.9924 27.8321 0.9939 0.1274 0.0173
-35.1527 -30.6031 30.5344 0.9827 0.1958 0.0129
-25.6489 -55.0534 47.6107 0.9802 0.0103 0.0195
-59.4962 3.8702 65.0763 1.1941 -0.1943 -0.0554
-23.4733 33.2443 61.4962 1.0178 0.6140 -0.0242
106.2214 -12.5038 -26.7557 0.9841 0.4717 -0.1665
-122.8550 -51.5038 -71.6260 0.9971 -0.0459 -0.0674
-50.0611 -16.0458 -75.4580 1.0937 -0.1113 -0.1257
-81.7786 29.3435 -39.1374 0.9888 -0.3623 0.1768
-97.8550 -10.5267 12.1527 1.1150 -0.3728 -0.1636
26.1069 23.7786 -3.0305 1.0879 0.1365 0.0754
-71.6718 11.2824 10.5573 1.0059 0.1060 0.0483
-53.8931 -2.4351 2.5191 0.9604 0.2070 0.1240
-33.3893 -2.3053 -1.5878 0.9880 0.1650 0.0732
-35.7557 3.9771 -1.6412 0.9841 0.2761 0.1680
-40.7252 -4.8473 -5.7710 0.9895 0.2114 0.1052
-35.0611 -4.6641 -0.2214 0.9675 0.2498 0.1221
-41.3893 -6.8779 1.8855 0.9670 0.2458 0.1118
-1 -1 -1 -1 -1 -1
-39.1450 -4.8015 2.1756 0.9683 0.2261 0.1162
-39.1298 -3.0076 1.8321 0.9658 0.2266 0.1184
-39.5191 -4.7405 2.1603 0.9641 0.2415 0.1172
-38.6031 -5.6870 2.7939 0.9619 0.2400 0.1179
-39.6412 -6.7023 3.4656 0.9675 0.2339 0.1074
-39.2290 -6.5802 2.8015 0.9707 0.2339 0.1162
-39.0382 -5.8702 2.8702 0.9661 0.2263 0.1086
-1 -1 -1 -1 -1 -1
-39.0611 -6.7634 2.6947 0.9717 0.2195 0.1074
-1 -1 -1 -1 -1 -1
-39.2443 -5.8397 1.9313 0.9727 0.2207 0.0979
-39.1832 -4.7786 1.8779 0.9658 0.2249 0.0972
-1 -1 -1 -1 -1 -1
-1 -1 -1 -1 -1 -1
-38.7863 -4.9771 2.4580 0.9734 0.2200 0.0972
-1 -1 -1 -1 -1 -1
-1 -1 -1 -1 -1 -1
-1 -1 -1 -1 -1 -1
-1 -1 -1 -1 -1 -1
-1 -1 -1 -1 -1 -1
-1 -1 -1 -1 -1 -1
-1 -1 -1 -1 -1 -1
-1 -1 -1 -1 -1 -1
-38.8626 -5.0000 2.3282 0.9692 0.2187 0.0854
-1 -1 -1 -1 -1 -1
-16.2137 -44.3969 4.4275 0.9998 0.2019 0.0728
164.5114 8.7634 29.3969 1.0461 -0.9895 0.1782
-107.3130 23.8168 90.1221 1.1443 -0.2737 -0.0500
-9.3969 28.5496 89.9466 1.1143 -0.1174 0.0076
-32.6031 1.6336 66.9847 0.8179 0.1704 -0.0713
-155.4962 -74.6183 10.2214 0.7351 0.2634 0.0305
55.1908 -19.0992 -101.7557 1.2986 0.9949 0.2317
-106.8244 16.8473 -82.2519 0.8752 -0.0083 -0.1636
-47.7863 26.0687 -46.0534 0.9272 0.1123 0.0071
-34.4046 -5.7405 -27.8931 0.9485 0.0627 -0.0120
-56.7252 1.8473 -19.3740 0.9419 0.0217 -0.0234
-58.2061 30.3893 -28.8550 0.9961 0.2886 0.1958
-40.3893 -0.9008 -5.3206 0.9753 0.1731 0.0725
-49.0382 7.1985 -5.7328 0.9724 0.2622 0.0574
-8.8397 5.2519 15.5191 0.9365 0.1653 0.1724
-41.0153 -0.7939 -0.3130 0.9670 0.2268 0.1079
-45.2214 -4.4122 0.8092 0.9609 0.2227 0.1519
-41.2366 -8.1985 1.5802 0.9600 0.2400 0.1321
-30.6336 -0.7023 -1.5344 0.9751 0.2180 0.1235
-27.3893 -2.7405 4.6947 0.9492 0.2947 0.1262
-38.2061 -4.9313 1.4885 0.9607 0.2349 0.1243
-1 -1 -1 -1 -1 -1
-41.3740 -8.2901 3.6641 0.9666 0.2307 0.1145
-39.9771 -7.5038 3.8702 0.9666 0.2354 0.1179
-39.3588 -6.4427 2.4733 0.9646 0.2397 0.1094
-40.0382 -6.0763 2.6641 0.9717 0.2292 0.0979
-39.4427 -4.3664 2.2366 0.9700 0.2278 0.1057
-1 -1 -1 -1 -1 -1
-1 -1 -1 -1 -1 -1
-39.7252 -3.8931 2.2519 0.9722 0.2380 0.1013
-39.7099 -4.9160 2.6260 0.9666 0.2324 0.1147
-1 -1 -1 -1 -1 -1
-1 -1 -1 -1 -1 -1
-1 -1 -1 -1 -1 -1
-1 -1 -1 -1 -1 -1
-1 -1 -1 -1 -1 -1
-1 -1 -1 -1 -1 -1
-1 -1 -1 -1 -1 -1
-15.4885 -19.3282 6.2366 0.9624 0.2207 0.0920
-15.2519 -18.2595 23.1298 0.9934 0.2397 0.0483
-25.6489 -19.8702 22.0076 0.9907 0.2056 0.0396
-34.1908 0.7863 21.9618 0.9983 0.1321 0.0010
-42.4046 -32.7634 33.5573 0.9709 0.1003 -0.0222
-42.7023 -60.2214 51.1374 0.9883 -0.0535 -0.0444
-59.5573 -34.3435 47.6260 1.0684 0.1482 -0.1733
-46.8550 33.0153 84.7481 1.2007 -0.4365 -0.0715
64.6565 21.8397 25.3893 0.8557 0.4368 -0.3696
-2.3282 -59.9084 -99.8626 0.8896 0.3630 -0.1780
-114.0611 -37.7099 -90.0534 1.1370 0.0225 -0.1863
-19.8092 12.1221 -92.0000 1.1511 -0.3706 -0.1687
-3.0458 9.0458 -2.5115 1.5769 0.8142 -0.1399
-18.4122 47.4046 1.6794 0.8894 0.2075 -0.1379
-81.7405 21.0763 -4.0076 0.9954 -0.0867 0.1809
-47.7405 -4.3435 2.3435 1.0205 0.1792 0.0342
-45.5191 -3.9466 3.9466 0.9695 0.2407 0.0728
-43.4198 -7.7481 4.3969 0.9631 0.2390 0.0842
-35.0840 0.1221 2.8626 0.9666 0.2053 0.0466
-35.8855 0.4046 3.5267 0.9817 0.2070 0.0796
-31.6565 2.8244 2.4046 0.9695 0.2268 0.0693
-43.7252 -5.4580 4.0611 0.9744 0.2219 0.0977
-43.1221 -6.9237 1.9160 0.9761 0.2153 0.0933
-38.5115 -5.0382 2.0153 0.9731 0.2288 0.0959
-38.5725 -2.1374 -0.0534 0.9863 0.2122 0.1328
-1 -1 -1 -1 -1 -1
-1 -1 -1 -1 -1 -1
-1 -1 -1 -1 -1 -1
-1 -1 -1 -1 -1 -1
-37.8855 -3.3893 2.3435 0.9641 0.2119 0.1018
-1 -1 -1 -1 -1 -1
-39.9618 -5.1908 1.5344 0.9580 0.2417 0.1147
-37.0763 -4.1374 1.4962 0.9663 0.2307 0.1089
-37.9160 -3.3817 1.4122 0.9705 0.2424 0.1125
-38.7786 -4.7939 1.2443 0.9612 0.2454 0.1165
-1 -1 -1 -1 -1 -1
-38.4198 -3.9389 1.4733 0.9695 0.2458 0.1025
-1 -1 -1 -1 -1 -1
-38.0382 -3.9160 1.6641 0.9595 0.2446 0.1077
-1 -1 -1 -1 -1 -1
-1 -1 -1 -1 -1 -1
-36.4656 -3.2214 2.0458 0.9648 0.2327 0.1321
-1 -1 -1 -1 -1 -1
-1 -1 -1 -1 -1 -1
-1 -1 -1 -1 -1 -1
-1 -1 -1 -1 -1 -1
-1 -1 -1 -1 -1 -1
-1 -1 -1 -1 -1 -1
-1 -1 -1 -1 -1 -1
-29.1069 -25.3206 8.4656 0.9888 0.1978 0.1230
4.4962 -61.1374 6.4504 1.0649 0.1638 0.0369
108.8015 6.6183 36.0382 0.9900 -0.4587 -0.0020
-90.8550 20.8015 87.6183 1.0552 -0.2712 -0.1099
-55.5038 20.8473 77.8473 1.0552 -0.0259 -0.1274
-88.0840 -15.2443 46.6794 0.8215 0.1848 -0.1438
-250.1374 -70.5115 -26.7634 0.7285 0.2976 -0.8472
24.9160 4.8473 -95.4962 1.4175 0.4001 0.0862
-73.9160 24.0000 -63.3130 0.9441 0.0813 -0.1355
-70.5573 12.0687 -32.5344 0.9458 0.1248 -0.1035
-54.3969 -8.5878 -17.1603 0.9812 0.1973 -0.0793
-60.7710 15.8550 -12.2824 0.9973 0.1599 -0.0969
-79.0000 58.8931 -7.9160 0.9985 0.3357 0.0325
-24.3435 8.3435 -4.2595 0.9285 0.3030 0.1509
-43.1298 5.0458 -5.9084 0.9858 0.2161 0.0786
-4.9313 -5.8931 6.7023 0.9265 0.3445 0.0522
-38.8702 -7.1069 -0.3206 0.9531 0.2544 0.1108
-40.6794 -5.9618 0.8168 0.9465 0.2695 0.1204
-40.1832 -5.7710 2.4046 0.9651 0.2549 0.0972
-39.5649 -5.5038 2.3206 0.9595 0.2578 0.1018
-42.9389 -8.0153 3.2366 0.9636 0.2600 0.1152
-40.1298 -6.1985 2.7710 0.9651 0.2380 0.1040
-38.2595 -3.6794 2.3206 0.9644 0.2439 0.1008
-1 -1 -1 -1 -1 -1
-39.0229 -3.7863 1.2901 0.9719 0.2373 0.0969
-37.8321 -2.6794 1.0763 0.9661 0.2441 0.1104
-38.9771 -3.9466 1.5802 0.9663 0.2397 0.1055
-39.3359 -5.3969 2.0229 0.9658 0.2444 0.1040
-39.3130 -4.2672 1.3359 0.9690 0.2407 0.1011
-1 -1 -1 -1 -1 -1
-1 -1 -1 -1 -1 -1
-1 -1 -1 -1 -1 -1
-1 -1 -1 -1 -1 -1
-1 -1 -1 -1 -1 -1
-1 -1 -1 -1 -1 -1
-1 -1 -1 -1 -1 -1
-1 -1 -1 -1 -1 -1
-1 -1 -1 -1 -1 -1
-1 -1 -1 -1 -1 -1
-8.7939 -23.9237 11.2595 0.9648 0.2432 0.0911
-15.8397 -35.4351 21.5725 0.9561 0.2512 0.0566
-38.0611 -14.2061 21.0153 0.9988 0.1470 -0.0459
-43.1069 -21.4198 26.8855 0.9724 0.1694 -0.0327
-31.7023 -44.9389 33.3664 0.9692 0.1130 -0.1042
-29.9847 -44.8244 40.1603 0.9885 -0.0925 -0.2505
-76.2443 11.3053 51.9618 1.1287 -0.0293 -0.2671
-9.5115 34.8092 70.8244 1.1902 0.1074 0.0449
140.2824 6.1756 -3.6870 0.7690 0.6992 -0.5620
-89.5038 -38.0000 -98.7786 0.9797 0.2961 -0.1948
-68.7099 -28.3359 -59.8779 1.1091 -0.2244 -0.0701
-82.3740 16.0305 -56.6107 0.9963 -0.5098 -0.1147
-12.2061 49.7176 -33.1756 1.9999 -0.0938 -0.5774
-106.0000 29.6489 16.7557 0.9922 0.2969 0.0415
-23.7023 15.7634 2.6870 0.9001 0.0979 0.0730
-7.0458 12.4885 -2.4809 1.0061 0.3831 0.1450
-17.7252 -1.5191 3.4275 0.9580 0.2361 0.1504
-38.5878 -4.4504 -0.6031 0.9548 0.2671 0.1387
-32.3893 -6.4809 5.2214 0.9570 0.2148 0.1294
-38.3130 -5.8550 4.1374 0.9592 0.2576 0.1228
-51.2366 -10.0000 5.7405 0.9534 0.2458 0.1284
-36.8015 -4.3740 4.0000 0.9551 0.2502 0.1255
-38.9542 -6.0229 3.6260 0.9709 0.2227 0.1204
-1 -1 -1 -1 -1 -1
-40.0534 -2.6794 4.4046 0.9744 0.2136 0.1272
-1 -1 -1 -1 -1 -1
-40.8779 -6.4580 6.0229 0.9624 0.2214 0.1328
-39.5649 -6.5573 3.5496 0.9695 0.2192 0.1274
-1 -1 -1 -1 -1 -1
-1 -1 -1 -1 -1 -1
-1 -1 -1 -1 -1 -1
-1 -1 -1 -1 -1 -1
-39.2366 -5.3511 1.2366 0.9685 0.2078 0.1123
-38.2901 -4.5344 1.1832 0.9697 0.2090 0.1116
-1 -1 -1 -1 -1 -1
-37.1527 -3.9695 0.6183 0.9783 0.2041 0.1172
-1 -1 -1 -1 -1 -1
-1 -1 -1 -1 -1 -1
-1 -1 -1 -1 -1 -1
-1 -1 -1 -1 -1 -1
-1 -1 -1 -1 -1 -1
-1 -1 -1 -1 -1 -1
-1 -1 -1 -1 -1 -1
-31.6183 -27.6565 7.2748 0.9907 0.1665 0.1143
95.5878 -76.9847 -11.7939 1.2346 0.0361 0.1440
-42.9466 -19.5802 67.5038 0.9878 -0.3901 -0.0276
-69.7786 26.5496 94.6718 1.0378 -0.1797 -0.0625
-75.5344 26.8626 74.6183 0.9426 -0.1201 -0.2332
-210.3511 -13.3588 39.1069 0.7898 0.3232 -0.2019
-54.5191 -21.7405 -31.6107 1.0295 0.1370 -0.0508
-25.2595 33.2366 -69.9466 1.3013 -0.0796 0.0444
-77.8931 31.3282 -47.9771 0.9524 0.0828 -0.0564
-62.1679 6.1069 -23.8397 0.9927 0.0967 -0.0095
-69.6870 8.2519 -19.1908 0.9421 0.2861 0.0254
-52.2672 4.1603 -15.6031 0.9778 0.1970 0.0352
-45.9695 6.8092 -8.9084 0.9744 0.2185 0.0454
-49.3359 5.6107 -2.7481 0.9468 0.2522 0.1096
-36.2595 -8.3435 -1.0916 0.9656 0.2642 0.0667
-42.4733 10.0382 -1.5191 0.9641 0.2671 0.0874
48.6107 4.7099 27.9847 1.0056 0.3284 0.1804
-31.5649 -7.2366 4.1527 0.9656 0.2019 0.1001
-39.6336 -7.6260 1.7863 0.9656 0.2454 0.1233
-39.6718 -13.6947 3.1374 0.9695 0.2415 0.1069
-37.0992 -1.9313 -3.1450 0.9719 0.2412 0.0854
-33.9847 2.6412 -1.7405 0.9653 0.2515 0.1133
-28.5878 -3.9771 1.1374 0.9834 0.3210 0.1426
-37.3588 -5.4046 0.2137 0.9729 0.2622 0.0923
-39.1374 -4.8244 1.8702 0.9624 0.2534 0.0989
-40.4351 -7.2977 3.4046 0.9656 0.2595 0.1091
-42.7557 -7.1374 3.9389 0.9739 0.2520 0.0854
-39.8702 -5.9466 2.5038 0.9683 0.2466 0.0891
-1 -1 -1 -1 -1 -1
-1 -1 -1 -1 -1 -1
-1 -1 -1 -1 -1 -1
-37.7634 -3.1603 1.1145 0.9656 0.2512 0.0913
-1 -1 -1 -1 -1 -1
-1 -1 -1 -1 -1 -1
-33.9084 -3.9237 3.7328 0.9441 0.3130 0.1228
-44.5573 -7.5496 7.4733 0.9487 0.2656 0.1145
-1 -1 -1 -1 -1 -1
-41.7939 -8.9542 4.3740 0.9648 0.2466 0.0940
-35.9847 -4.6489 1.6336 0.9631 0.2344 0.0835
-39.7786 -5.7939 3.2519 0.9648 0.2490 0.0896
-1 -1 -1 -1 -1 -1
-1 -1 -1 -1 -1 -1
-38.9313 -5.7405 3.6489 0.9653 0.2307 0.0898
-1 -1 -1 -1 -1 -1
-15.0992 -25.3359 7.6412 0.9333 0.2703 0.0564
-19.0534 -11.9924 23.6718 0.9622 0.2378 0.0239
-18.5267 -25.7710 27.7405 0.9846 0.1697 -0.0110
-31.2595 -33.6107 29.2519 0.9827 0.1125 -0.0693
-14.1221 -74.9389 40.4046 0.9849 0.0305 -0.1396
-31.2137 -72.6565 51.8397 1.0125 0.0540 -0.2410
-54.4504 21.2824 55.3206 1.1299 -0.1626 -0.3838
-14.7328 50.9160 66.6565 0.8843 0.4570 -0.1997
-0.3664 -29.3969 -38.4427 0.7861 0.4958 -0.0796
-40.8626 -23.4656 -99.0992 0.8188 -0.0601 -0.0520
33.7405 48.2214 -87.9695 1.1067 -0.2566 -0.1494
-41.2519 38.1832 -50.8092 1.1021 -0.3867 -0.0906
11.9542 36.3588 -37.2214 1.5217 1.4500 -1.0164
7.6489 30.6870 -3.0687 0.9905 0.0059 -0.0486
-39.4656 -8.1221 8.1527 0.9988 0.0510 0.0918
-53.8702 -2.9008 2.0153 0.9753 0.1973 0.0293
-46.9466 8.5878 -4.3282 0.9985 0.1785 0.0637
-35.1450 -3.8015 1.6336 0.9758 0.2473 0.1687
-35.5725 -4.8855 1.6107 0.9756 0.2122 0.0833
-40.2214 -6.1527 1.2366 0.9629 0.2158 0.1069
-35.8931 -8.3588 2.3817 0.9819 0.2024 0.0811
-41.0992 -6.7176 1.3664 0.9773 0.2083 0.0803
-37.6336 -4.0763 1.5725 0.9739 0.1973 0.0781
-39.6489 -2.6947 1.0763 0.9749 0.2092 0.0872
-1 -1 -1 -1 -1 -1
-1 -1 -1 -1 -1 -1
-38.9924 -4.8015 1.4962 0.9744 0.2148 0.0935
-1 -1 -1 -1 -1 -1
-39.5420 -4.0916 1.0305 0.9756 0.2148 0.0962
-1 -1 -1 -1 -1 -1
-39.2672 -4.4809 0.4504 0.9763 0.2200 0.0906
-35.0229 -1.2748 0.6183 0.9719 0.2070 0.0947
-1 -1 -1 -1 -1 -1
-1 -1 -1 -1 -1 -1
-1 -1 -1 -1 -1 -1
-1 -1 -1 -1 -1 -1
-35.1908 -5.3359 2.4962 0.9729 0.2324 0.0991
-1 -1 -1 -1 -1 -1
-1 -1 -1 -1 -1 -1
-1 -1 -1 -1 -1 -1
19.5649 -71.5954 4.6870 1.1050 -0.0657 0.0386
11.1603 -6.3511 62.0534 1.0808 -0.5503 0.0417
-75.0305 27.2137 89.7405 1.1172 -0.1729 -0.1045
-75.5496 15.9847 74.7252 1.0034 -0.0635 -0.1904
-137.9084 -15.7863 46.9466 0.7466 0.2551 -0.1665
-107.2824 -22.9237 7.5802 1.1409 -0.0376 0.5093
7.3053 2.0840 -96.0229 1.1277 -0.1809 0.2122
-84.1527 36.2443 -42.8626 0.9749 0.1206 -0.0898
-82.0229 10.6260 -19.2366 0.9824 0.1597 -0.0220
-69.5344 7.1832 -17.0611 0.9790 0.0962 -0.0229
-56.9695 9.8168 -15.6870 1.0012 0.1780 -0.0325
-62.3282 28.6031 -16.4198 0.9038 0.1555 0.0159
-27.3817 7.5954 -5.2824 0.9500 0.2896 0.1553
-38.8244 -5.0840 0.4656 0.9639 0.2671 0.0786
-50.1527 5.6947 1.1221 0.9521 0.2905 0.1326
-43.9084 -1.1679 1.7710 0.9526 0.2813 0.1228
-42.2977 0.1908 2.3893 0.9592 0.2769 0.1750
-39.9160 -8.8855 5.4122 0.9536 0.2661 0.1201
-41.5191 -3.8931 3.1908 0.9619 0.2629 0.1628
-40.7099 -5.3588 1.8321 0.9575 0.2471 0.1541
-36.6107 -2.5725 1.3435 0.9619 0.2563 0.1462
-34.6794 -3.0458 1.9924 0.9287 0.2881 0.1587
-1 -1 -1 -1 -1 -1
-40.2519 -5.8626 1.6718 0.9587 0.2563 0.1482
-1 -1 -1 -1 -1 -1
-38.7252 -4.9847 1.7557 0.9553 0.2632 0.1472
-33.6947 -2.6336 3.2977 0.9680 0.2988 0.1721
-1 -1 -1 -1 -1 -1
-39.3817 -6.1145 3.1832 0.9553 0.2603 0.1658
-38.2672 -5.9771 2.1908 0.9651 0.2544 0.1401
-38.7176 -4.7710 2.0992 0.9602 0.2512 0.1360
-1 -1 -1 -1 -1 -1
-1 -1 -1 -1 -1 -1
-1 -1 -1 -1 -1 -1
-41.0611 -5.9924 2.7099 0.9592 0.2444 0.1467
-1 -1 -1 -1 -1 -1
-1 -1 -1 -1 -1 -1
-1 -1 -1 -1 -1 -1
-38.7405 -4.8321 1.9695 0.9558 0.2588 0.1345
-1 -1 -1 -1 -1 -1
-1 -1 -1 -1 -1 -1
-1 -1 -1 -1 -1 -1
-1 -1 -1 -1 -1 -1
-1 -1 -1 -1 -1 -1
-1 -1 -1 -1 -1 -1
-16.1145 -16.1985 4.0229 0.9365 0.2883 0.2014
-10.7023 -19.0840 19.3359 0.9670 0.2488 0.0681
-23.8397 -6.3664 19.6260 0.9944 0.2192 0.0454
-34.1527 -3.5954 20.9924 0.9736 0.1609 0.0527
-23.4122 -31.0611 27.0687 0.9741 0.1646 0.0457
-17.9924 -65.2214 45.7939 0.9475 0.1443 0.0325
-62.7481 -62.2748 54.0229 1.0308 0.2109 -0.2229
-79.3740 24.8092 84.6565 1.3130 -0.3457 -0.1597
68.5115 35.2977 17.0534 0.8953 0.3115 -0.5598
-37.5115 -52.4885 -86.6336 0.8418 0.3193 -0.1365
-82.3740 -29.4275 -70.4046 0.9763 -0.5054 0.0447
-64.3740 29.0611 -55.1679 1.1709 -0.2837 -0.2083
-74.0992 33.3435 -12.6183 1.0117 -0.2310 -0.1326
-64.9389 33.6183 9.0458 1.0190 -0.5537 0.1177
-86.3511 14.8626 13.1221 1.0181 0.1970 0.0562
-51.6107 16.2672 8.8168 0.9783 0.3792 0.1426
-43.3435 -9.0687 6.9618 0.9631 0.2026 0.1479
-39.5191 -0.6183 1.5725 0.9753 0.1973 0.0854
-29.6031 1.7710 5.5573 0.9844 0.1697 0.1453
-39.8855 -5.0458 3.6489 0.9675 0.2090 0.1067
-43.3740 -7.6260 3.4198 0.9722 0.1997 0.1255
-40.5725 -7.3588 2.3664 0.9690 0.2039 0.1206
-39.0840 -5.9389 1.9542 0.9709 0.2083 0.1152
-1 -1 -1 -1 -1 -1
-1 -1 -1 -1 -1 -1
-1 -1 -1 -1 -1 -1
-34.6107 -0.5649 1.0534 0.9814 0.2039 0.1287
-35.4275 -3.3893 2.0992 0.9656 0.2214 0.1252
-1 -1 -1 -1 -1 -1
-1 -1 -1 -1 -1 -1
-1 -1 -1 -1 -1 -1
-1 -1 -1 -1 -1 -1
-40.0992 -6.0076 1.8092 0.9661 0.2278 0.1326
-40.9847 -8.1221 2.8473 0.9585 0.2178 0.1211
-1 -1 -1 -1 -1 -1
-1 -1 -1 -1 -1 -1
-1 -1 -1 -1 -1 -1
-3.0000 -55.1985 4.4809 0.9810 0.1257 0.1414
115.8855 -8.7481 32.9924 0.9941 -0.8691 0.0630
-109.0305 17.2290 104.4046 1.1921 -0.3413 -0.1240
-63.6031 14.8015 80.5344 1.0286 -0.0393 -0.1128
-85.7328 -5.3893 49.0382 0.7241 0.1841 -0.1001
-127.0916 -38.5344 -10.5420 0.6809 0.2344 0.0637
36.8855 -16.9847 -120.9695 1.7090 0.3379 0.3076
-82.0076 36.0763 -60.3359 0.9771 0.1484 -0.2412
-73.6031 34.4351 -38.8626 0.9331 0.0999 -0.0632
-40.1374 20.4809 -25.8855 0.9536 0.1519 -0.0498
-52.6947 4.2443 -10.6947 0.9387 0.2788 0.0876
-51.0382 14.4809 -10.7176 0.9985 0.2146 0.0610
-55.4427 12.2214 0.2519 0.9617 0.2229 0.1672
-51.2519 -15.2137 -4.8779 0.9468 0.2932 0.1006
-46.7328 11.1756 -3.5573 0.9644 0.2363 0.1177
-38.1221 -6.9237 -0.2519 0.9622 0.2302 0.1694
-40.1908 -1.1221 -0.4580 0.9697 0.2529 0.1501
-38.0382 -3.2290 -1.2901 0.9536 0.2556 0.1616
-37.9847 -4.0382 1.6183 0.9548 0.2603 0.1494
-37.5496 -4.5954 0.2977 0.9512 0.2581 0.1584
-37.3588 -4.4580 1.1298 0.9504 0.2754 0.1697
-39.1298 -5.5115 0.9237 0.9541 0.2727 0.1653
-39.3969 -7.1145 1.9618 0.9558 0.2710 0.1501
-39.5420 -5.0687 1.8626 0.9624 0.2700 0.1533
-36.4122 -3.9771 3.1069 0.9575 0.2698 0.1614
-39.3817 -6.1985 2.5954 0.9558 0.2698 0.1599
-39.7939 -6.6794 2.5191 0.9592 0.2664 0.1548
-39.6183 -6.2748 2.9313 0.9619 0.2639 0.1448
-37.8168 -5.0992 2.6107 0.9619 0.2576 0.1499
-39.2061 -5.4656 2.4275 0.9624 0.2620 0.1443
-1 -1 -1 -1 -1 -1
-1 -1 -1 -1 -1 -1
-1 -1 -1 -1 -1 -1
-1 -1 -1 -1 -1 -1
-39.0153 -5.3588 1.4351 0.9636 0.2590 0.1409
-1 -1 -1 -1 -1 -1
-1 -1 -1 -1 -1 -1
-1 -1 -1 -1 -1 -1
-1 -1 -1 -1 -1 -1
-1 -1 -1 -1 -1 -1
-1 -1 -1 -1 -1 -1
-1 -1 -1 -1 -1 -1
-1 -1 -1 -1 -1 -1
-31.0153 -18.2290 -3.0382 0.9177 0.2991 0.1758
-14.1145 -23.6336 18.2672 0.9734 0.3252 0.0471
-28.6260 -5.3511 18.1069 0.9548 0.2319 0.0686
-35.2595 -6.5878 17.2672 0.9739 0.2422 0.0552
-17.7328 -30.8473 21.9084 0.9541 0.1675 0.0986
0.8931 -86.0840 42.3359 0.9724 0.1599 -0.0337
-35.5878 -65.5725 56.7252 1.1279 0.0237 -0.3323
-93.6183 39.3206 88.3664 1.5898 0.2043 -0.1375
106.1374 62.4580 28.9695 0.8745 0.3948 -0.4229
-10.9466 -24.2672 -66.7176 0.8359 0.3948 -0.1360
-77.7786 -35.4504 -48.0534 1.0320 -0.2759 0.0981
-40.0534 11.0611 -58.3435 1.0959 -0.0479 -0.1165
-64.1756 20.5649 -39.7710 0.9922 -0.1912 -0.1741
-59.4351 9.7176 -15.8321 1.0400 -0.0486 -0.0605
-76.3053 12.3664 -37.1450 1.0708 0.8132 -0.1150
-29.3053 29.6031 -9.5038 1.0269 0.1465 -0.0159
-34.0687 14.1908 2.9771 0.9343 -0.0574 0.0715
-39.4351 -10.9237 -0.0305 0.9653 0.2297 0.1370
-1 -1 -1 -1 -1 -1
-20.7939 -1.6260 6.0992 1.0024 0.2468 0.1934
-39.6489 -5.3740 2.1221 0.9680 0.2266 0.1262
-39.8473 -8.4580 3.0916 0.9658 0.2334 0.1125
-40.4427 -7.0153 2.8168 0.9749 0.2097 0.0938
-39.3740 -4.2061 0.9847 0.9724 0.2217 0.1069
-36.4733 0.5573 -0.3588 0.9778 0.2097 0.1006
-39.5496 -4.5496 1.0458 0.9736 0.2278 0.1196
-1 -1 -1 -1 -1 -1
-1 -1 -1 -1 -1 -1
-1 -1 -1 -1 -1 -1
-1 -1 -1 -1 -1 -1
-1 -1 -1 -1 -1 -1
-39.7710 -4.9924 1.4733 0.9709 0.2344 0.1201
-38.5954 -5.3206 2.0763 0.9678 0.2214 0.1121
-1 -1 -1 -1 -1 -1
-1 -1 -1 -1 -1 -1
-1 -1 -1 -1 -1 -1
-1 -1 -1 -1 -1 -1
-1 -1 -1 -1 -1 -1
-1 -1 -1 -1 -1 -1
-1 -1 -1 -1 -1 -1
-1 -1 -1 -1 -1 -1
-1 -1 -1 -1 -1 -1
-10.3359 -57.1679 6.7634 1.0161 0.1521 0.0085
169.6565 14.2290 36.2824 1.0691 -0.6013 -0.0613
-79.1908 24.8092 102.5649 1.2253 -0.3206 -0.0422
-27.0992 22.6260 90.8015 1.0171 0.1367 -0.0789
-91.2214 -12.9466 54.4885 0.7256 0.3655 -0.1626
-150.6412 -52.1679 -10.3130 0.6833 0.2407 -0.0962
3.9084 -7.4046 -92.4733 0.9402 0.2471 -0.1870
-97.1603 19.5344 -92.4886 1.2537 0.5850 0.1990
-63.0229 27.7252 -38.7786 0.9368 -0.1506 -0.1716
-48.7710 16.6565 -33.9771 0.9758 0.0667 -0.0620
-51.0305 8.0763 -16.1374 0.9634 0.2717 -0.0200
-56.1298 6.2977 -3.9389 1.0002 0.1902 -0.0520
-49.0763 14.9237 -8.9695 0.9641 0.2476 0.0439
-53.5954 4.7939 0.3282 0.9426 0.2258 0.0957
-51.2443 11.4046 -1.4275 0.9619 0.2324 0.0925
-36.5420 -1.7634 2.2443 0.9299 0.2529 0.1914
-40.3740 -8.7328 -0.3053 0.9692 0.2483 0.1216
-39.6794 -4.5496 0.0153 0.9561 0.2563 0.1426
-40.5573 -0.2214 -2.4046 0.9656 0.2419 0.1211
-40.1450 0.1145 0.1298 0.9365 0.2803 0.1582
-40.3435 -5.2443 0.1069 0.9512 0.2678 0.1462
-39.0458 -5.2595 2.0076 0.9631 0.2668 0.1526
-38.9313 -4.3969 1.5954 0.9478 0.2783 0.1541
-38.8397 -4.2366 1.2977 0.9521 0.2698 0.1506
-1 -1 -1 -1 -1 -1
-38.3969 -6.1527 2.5878 0.9541 0.2695 0.1521
-1 -1 -1 -1 -1 -1
-39.0611 -4.3969 1.1221 0.9568 0.2690 0.1482
-1 -1 -1 -1 -1 -1
-1 -1 -1 -1 -1 -1
-1 -1 -1 -1 -1 -1
-1 -1 -1 -1 -1 -1
-1 -1 -1 -1 -1 -1
-1 -1 -1 -1 -1 -1
-1 -1 -1 -1 -1 -1
-1 -1 -1 -1 -1 -1
-1 -1 -1 -1 -1 -1
-1 -1 -1 -1 -1 -1
-13.7481 -12.7939 3.2824 0.9780 0.3318 0.2058
-3.7328 -40.8550 19.5802 0.9170 0.3982 0.1609
-26.3206 -12.9847 22.1069 0.9617 0.2437 -0.0173
-29.9466 -10.4351 24.2824 0.9568 0.2312 -0.0029
-22.7939 -36.1221 28.6183 0.9343 0.2249 0.0820
-1.8321 -96.3283 43.8473 0.9358 0.1208 -0.0332
-26.3969 -69.7939 46.0076 0.8687 -0.1030 -0.4861
-46.9924 53.8092 92.6107 1.4631 -0.3599 -0.2856
18.3817 111.3359 57.5573 0.9133 1.2446 -0.3564
35.9771 -29.8015 -76.0458 0.8145 0.3096 0.2598
-21.9389 -43.5649 -88.4886 0.9426 -0.0657 0.0251
-76.4046 -16.4504 -91.7176 1.2202 -0.2151 -0.0947
-83.7863 30.8092 -53.6031 1.0408 -0.4326 -0.2158
-115.3053 19.3206 12.2519 1.0823 -1.3462 -0.4182
-63.5496 14.0763 7.4351 0.9836 0.2573 -0.0190
-58.8397 34.2748 0.8321 0.9519 0.2715 0.0476
-1 -1 -1 -1 -1 -1
-31.2595 1.3359 0.2748 0.9751 0.2407 0.1450
-43.4198 -3.7176 1.8015 0.9565 0.2510 0.1489
-40.0687 -5.0916 2.2290 0.9709 0.2375 0.1418
-39.6412 -7.9847 4.5725 0.9639 0.2393 0.1487
-39.2977 -9.5420 4.5573 0.9609 0.2297 0.1440
-39.3053 -1.7405 1.0000 0.9683 0.2253 0.1340
-30.7863 -5.9160 4.7023 0.9607 0.1829 0.1477
-29.3893 -4.8702 5.0687 0.9734 0.2686 0.1650
-29.8015 -3.9618 3.0916 0.9849 0.2861 0.1719
-1 -1 -1 -1 -1 -1
-1 -1 -1 -1 -1 -1
-1 -1 -1 -1 -1 -1
-37.2824 -4.9618 1.6031 0.9631 0.2261 0.1323
-1 -1 -1 -1 -1 -1
-38.4122 -5.6947 1.7710 0.9683 0.2253 0.1223
-38.5802 -5.5649 1.9008 0.9651 0.2251 0.1174
-38.8244 -5.4046 1.6947 0.9675 0.2271 0.1226
-1 -1 -1 -1 -1 -1
-1 -1 -1 -1 -1 -1
-1 -1 -1 -1 -1 -1
-1 -1 -1 -1 -1 -1
-38.4504 -5.7023 1.9084 0.9675 0.2310 0.1162
-1 -1 -1 -1 -1 -1
-1 -1 -1 -1 -1 -1
-1 -1 -1 -1 -1 -1
-1 -1 -1 -1 -1 -1
-1 -1 -1 -1 -1 -1
-1 -1 -1 -1 -1 -1
-1 -1 -1 -1 -1 -1
-1 -1 -1 -1 -1 -1
-1 -1 -1 -1 -1 -1
-8.4656 -50.1145 3.4733 0.9731 0.1555 0.0586
207.0153 3.6260 18.1450 1.0886 -0.8208 0.1633
-70.4198 25.7405 79.0687 1.1294 -0.2844 -0.0586
-91.6947 19.3511 75.7863 1.0784 -0.1790 -0.1733
-82.0534 -24.2595 71.2977 0.9092 0.0652 -0.0603
-150.0687 -63.2214 23.2214 0.7407 0.2229 -0.1521
-36.1298 -39.3282 -46.0992 1.1865 0.1836 -0.4990
-63.0763 26.2214 -81.9847 1.3298 0.1677 -0.1040
-67.9618 37.3588 -40.7328 0.9387 0.0774 -0.1370
-79.3053 0.9389 -24.4733 0.9258 0.1086 -0.0608
-67.3511 4.4809 -19.7481 1.0173 0.2358 -0.0435
-55.8779 12.2061 -14.0458 0.9819 0.2498 -0.0457
-63.1450 26.6565 -2.2290 0.9824 0.2429 0.0698
-47.5420 11.3817 -6.2290 0.9336 0.2390 0.0801
-38.9618 19.5878 -4.2061 0.9705 0.2554 0.1060
-37.2214 7.6641 0.5878 0.9238 0.3076 0.1843
-37.5649 1.0229 1.2595 0.9492 0.2952 0.1755
-38.8168 -1.9924 1.8550 0.9255 0.2988 0.1987
-41.1603 -3.2443 4.1145 0.9431 0.2981 0.1768
-41.0076 -9.7863 3.3664 0.9414 0.2834 0.1929
-39.5038 -6.4733 1.8092 0.9507 0.2871 0.1738
-1 -1 -1 -1 -1 -1
-39.1908 -5.6718 2.5344 0.9548 0.2734 0.1689
-38.9084 -4.6641 2.3359 0.9561 0.2837 0.1702
-36.4962 -2.0076 1.0534 0.9482 0.2771 0.1628
-39.6183 -4.6260 1.9237 0.9578 0.2764 0.1716
-39.2443 -5.0153 2.4046 0.9463 0.2869 0.1687
-1 -1 -1 -1 -1 -1
-1 -1 -1 -1 -1 -1
-38.2595 -5.1298 3.0611 0.9587 0.2607 0.1714
-38.3053 -5.5725 2.3282 0.9600 0.2710 0.1628
-1 -1 -1 -1 -1 -1
-39.0305 -5.6489 2.2901 0.9580 0.2683 0.1699
-39.0305 -5.9847 2.2977 0.9546 0.2732 0.1716
-1 -1 -1 -1 -1 -1
-1 -1 -1 -1 -1 -1
-1 -1 -1 -1 -1 -1
-1 -1 -1 -1 -1 -1
-1 -1 -1 -1 -1 -1
-1 -1 -1 -1 -1 -1
-1 -1 -1 -1 -1 -1
-1 -1 -1 -1 -1 -1
-1 -1 -1 -1 -1 -1
-1 -1 -1 -1 -1 -1
-40.6870 -5.2901 2.6565 0.9592 0.2544 0.1436
-25.6641 -14.3206 -6.0916 0.9658 0.2239 0.1155
-2.3893 -25.0840 15.8473 0.9490 0.3184 0.0449
-14.3359 -18.5878 20.8168 0.9546 0.2451 0.0430
-29.1527 -23.4885 24.6260 0.9692 0.2102 -0.0171
-33.8855 -18.5420 30.3740 0.9763 0.1167 -0.0344
-10.4885 -66.3206 39.6336 0.9272 0.0684 0.0186
-20.7405 -91.1832 53.5420 0.9702 0.1147 -0.1609
-60.2824 1.8931 73.8244 1.3669 -0.0786 -0.3086
36.9695 81.0229 67.7328 1.0066 0.5881 -0.0564
-25.1069 -43.1374 -42.5573 0.6726 0.5918 0.1235
71.1069 -45.7023 -95.3970 0.7388 -0.6443 -0.0457
-102.8779 42.2519 -83.8473 1.0391 -0.1433 -0.2922
6.9847 83.5267 -74.5191 1.0913 -0.5056 -0.1375
-2.9160 16.1450 17.5038 1.9999 -0.4817 -0.2957
-23.0916 55.1298 -0.9466 1.0483 0.0203 0.0071
-20.8168 -14.8244 13.1374 1.1340 0.1475 0.1311
-46.2519 -5.9160 4.2137 0.9822 0.1990 0.1350
-31.6183 0.9313 7.7328 0.9785 0.2893 0.1562
-41.1832 -6.5115 5.5420 0.9456 0.2490 0.1487
-40.5649 -8.4427 5.6412 0.9629 0.2327 0.1387
-47.3359 -10.9695 3.5496 0.9722 0.2251 0.1367
-39.6870 -8.4275 3.7176 0.9663 0.2112 0.1133
-42.6718 -7.6641 1.9084 0.9727 0.2212 0.0972
-36.8626 -4.7328 2.5802 0.9741 0.2092 0.1023
-38.4198 -4.7939 2.0992 0.9739 0.2158 0.0959
-38.0229 -4.5267 2.1679 0.9702 0.2146 0.1003
-37.9618 -5.1832 1.7557 0.9739 0.2166 0.1113
-38.7328 -4.9771 1.6107 0.9722 0.2175 0.1106
-38.9542 -5.4733 0.6031 0.9763 0.2183 0.1016
-38.1832 -6.4046 2.2519 0.9687 0.2202 0.1016
-38.3893 -6.4962 2.4962 0.9692 0.2129 0.0991
-38.7023 -4.6565 1.8397 0.9739 0.2202 0.0974
-1 -1 -1 -1 -1 -1
-37.6183 -1.8702 0.9008 0.9736 0.2212 0.0962
-39.2061 -4.1069 1.4351 0.9751 0.2241 0.1091
-1 -1 -1 -1 -1 -1
-1 -1 -1 -1 -1 -1
-1 -1 -1 -1 -1 -1
-1 -1 -1 -1 -1 -1
-1 -1 -1 -1 -1 -1
-1 -1 -1 -1 -1 -1
-1 -1 -1 -1 -1 -1
-1 -1 -1 -1 -1 -1
-9.8626 -55.6183 5.3282 0.9824 0.1638 0.0447
202.1298 -2.4198 18.9084 1.0981 -0.7266 0.0815
-92.3970 8.2748 99.7405 1.1831 -0.5168 -0.0649
-106.8321 19.6641 78.5573 1.0469 0.1130 -0.0583
-41.3359 13.8626 62.1450 0.8965 0.1021 -0.1199
-66.0611 -35.8779 33.9924 0.6560 -0.0500 -0.1123
-212.3282 -84.2977 10.3206 1.0850 -1.0049 -1.2275
23.3130 19.9771 -123.9084 1.5115 0.2183 0.1294
-78.3970 42.7786 -55.4733 1.1926 -0.1274 0.0256
-78.5878 20.9695 -30.1221 0.9487 0.0403 -0.0337
-58.3588 9.5115 -18.7710 1.0139 0.1421 0.0247
-57.1221 13.5267 -16.1679 1.0093 0.1316 -0.0266
-63.1298 32.7786 -11.3053 0.9717 0.0916 0.0320
-33.7023 7.2137 -7.0229 0.9280 0.2454 0.1594
-42.5954 6.7786 -3.3053 0.9780 0.2166 0.1433
-34.9847 -1.1832 -2.0458 0.9553 0.1785 0.1758
-29.5725 -9.7786 1.0153 0.9768 0.2319 0.1660
-37.2519 -3.5115 1.9313 0.9636 0.1194 0.1597
-39.6489 -6.5725 -1.3206 0.9553 0.2434 0.1560
-38.2977 -7.1145 1.8015 0.9646 0.2539 0.1594
-37.8702 -5.0992 0.7481 0.9617 0.2551 0.1658
-38.8168 -4.3282 2.5496 0.9573 0.2605 0.1160
-41.3282 -3.9008 0.4046 0.9580 0.2544 0.1465
-1 -1 -1 -1 -1 -1
-1 -1 -1 -1 -1 -1
-1 -1 -1 -1 -1 -1
-36.8397 -5.3969 2.2443 0.9570 0.2610 0.1526
-37.7328 -5.7099 1.6183 0.9548 0.2598 0.1433
-39.4046 -5.1527 1.5496 0.9534 0.2686 0.1450
-38.1298 -5.0000 1.6947 0.9602 0.2605 0.1411
-38.9847 -4.2672 1.6412 0.9565 0.2612 0.1433
-1 -1 -1 -1 -1 -1
-1 -1 -1 -1 -1 -1
-38.5496 -4.3511 0.8168 0.9604 0.2656 0.1467
-38.0229 -3.5496 0.7557 0.9592 0.2795 0.1440
-37.6794 -4.9008 1.1527 0.9495 0.2734 0.1453
-38.8855 -5.8321 1.5496 0.9548 0.2668 0.1489
-38.8550 -4.8321 1.2672 0.9529 0.2651 0.1479
-1 -1 -1 -1 -1 -1
-1 -1 -1 -1 -1 -1
-1 -1 -1 -1 -1 -1
-1 -1 -1 -1 -1 -1
-1 -1 -1 -1 -1 -1
-1 -1 -1 -1 -1 -1
-1 -1 -1 -1 -1 -1
-32.8626 -3.4504 2.1145 0.9448 0.2478 0.1599
1.6412 -35.2595 4.7252 0.9463 0.3394 0.1484
-8.2443 -32.1908 26.4962 0.9561 0.2466 0.0161
-23.9313 -19.6947 24.1145 0.9700 0.2166 0.0034
-35.1298 -10.5878 28.3206 0.9868 0.1804 -0.0466
-22.4198 -32.6107 33.4046 0.9702 0.0977 -0.0366
-10.1679 -85.0687 46.3130 0.9766 0.1729 -0.0208
-46.3588 -49.3511 67.5420 0.9548 -0.1279 -0.3982
-87.6183 33.0229 85.9695 1.5144 -0.2864 -0.1978
51.7176 28.9237 26.7328 0.8096 0.5061 -0.3171
-128.1985 -75.3970 -100.4962 1.0308 0.3450 -0.3271
-100.4504 -16.0763 -71.6260 0.7852 -0.6472 -0.1963
-110.4122 54.5267 -50.3435 1.1208 -0.3494 -0.5171
22.6718 73.7099 -55.6947 0.9771 -0.3823 -0.2791
-136.0916 33.9084 5.8473 1.1262 0.2952 0.0422
-45.4809 37.3130 -8.5878 0.9636 0.2500 0.0208
-12.7328 17.5496 0.2290 0.9785 0.3369 0.1135
-31.7099 12.0305 6.1298 0.9412 0.2153 0.0942
-23.4809 2.5420 7.7099 0.9373 0.2009 0.1536
-39.1374 -9.3206 7.1298 0.9622 0.2888 0.1299
-52.5115 -11.8626 5.2519 0.9829 0.2148 0.1199
-41.4275 -6.1298 3.3511 0.9785 0.2222 0.1140
-38.7557 -2.8473 1.5420 0.9680 0.2285 0.1230
-29.1221 1.0611 -0.0611 0.9690 0.2332 0.1643
-32.3130 -0.8168 1.0382 0.9590 0.2378 0.1401
-36.2748 -4.1603 1.3511 0.9646 0.2437 0.1565
-39.5496 -4.5802 1.8626 0.9629 0.2432 0.1445
-39.4198 -5.4351 2.3359 0.9656 0.2302 0.1528
-1 -1 -1 -1 -1 -1
-38.0916 -4.6947 2.1832 0.9819 0.2209 0.1445
-36.1298 -4.1298 1.2061 0.9619 0.2327 0.1409
-38.6947 -4.5191 1.9084 0.9600 0.2358 0.1453
-38.6794 -5.2595 2.0916 0.9690 0.2339 0.1353
-37.6412 -4.2366 1.6565 0.9724 0.2319 0.1616
-1 -1 -1 -1 -1 -1
-39.7099 -5.4046 1.8779 0.9687 0.2373 0.1375
-38.4504 -5.3664 2.1985 0.9636 0.2378 0.1421
-39.4809 -6.2977 2.8931 0.9602 0.2412 0.1409
-41.4504 -6.8550 3.5344 0.9714 0.2290 0.1467
-39.8321 -5.5038 2.7557 0.9705 0.2278 0.1448
-1 -1 -1 -1 -1 -1
-1 -1 -1 -1 -1 -1
-1 -1 -1 -1 -1 -1
-1 -1 -1 -1 -1 -1
-1 -1 -1 -1 -1 -1
-1 -1 -1 -1 -1 -1
-1 -1 -1 -1 -1 -1
-1 -1 -1 -1 -1 -1
-1 -1 -1 -1 -1 -1
-1 -1 -1 -1 -1 -1
-38.9618 -5.2824 2.3206 0.9727 0.2249 0.1370
-1 -1 -1 -1 -1 -1
-23.7176 -42.6565 7.1145 0.9998 0.1567 0.1116
155.7252 -59.3511 26.2901 1.1643 -1.0134 0.3057
-40.9084 -0.6794 77.3359 1.1213 -0.4109 -0.0454
-94.9847 33.5420 84.9466 1.0254 -0.1741 -0.0847
-109.5191 -1.1450 69.0840 0.9363 0.1052 -0.1060
-105.9237 -22.1756 40.6870 0.7981 0.0732 -0.1162
-57.2214 -44.9008 -28.4885 0.8682 0.2905 -0.3184
23.9695 38.2901 -104.4351 1.3264 0.0129 0.0090
-50.2443 69.3817 -59.3206 0.9849 0.1123 -0.0791
-36.3130 16.8702 -41.1527 0.9927 0.2019 0.0852
-21.5344 12.1756 -25.7405 0.9739 0.1846 0.0520
-42.8015 -2.1298 -13.8015 0.9976 0.2153 0.0837
-48.8855 5.2672 -10.9466 0.9705 0.2998 0.0928
-4.4656 9.2290 -13.3282 0.7449 0.3171 -0.5637
-34.8397 8.1832 3.4427 1.0034 0.2263 0.1799
-44.1908 -8.1603 1.6718 0.9563 0.2605 0.1636
-53.1145 -6.7328 2.8702 0.9692 0.2444 0.1580
-62.9847 -15.7939 -0.7634 0.9902 0.1362 0.1052
-46.1603 -11.4580 3.2519 0.9412 0.2297 0.1282
-41.5115 -13.0000 6.0153 0.9685 0.2107 0.1516
-37.8473 -2.4656 1.9695 0.9729 0.2134 0.1123
-36.2443 -3.8321 2.8855 0.9626 0.2363 0.1360
-32.2137 -3.1298 1.1908 0.9668 0.2266 0.1284
-36.5496 -4.0763 2.1756 0.9700 0.2305 0.1250
-38.8168 -5.0458 1.8931 0.9626 0.2375 0.1338
-38.6336 -6.1145 1.8626 0.9661 0.2405 0.1255
-38.7710 -5.1527 2.4885 0.9666 0.2329 0.1309
-1 -1 -1 -1 -1 -1
-1 -1 -1 -1 -1 -1
-1 -1 -1 -1 -1 -1
-1 -1 -1 -1 -1 -1
-1 -1 -1 -1 -1 -1
-1 -1 -1 -1 -1 -1
-1 -1 -1 -1 -1 -1
-1 -1 -1 -1 -1 -1
-1 -1 -1 -1 -1 -1
-7.9084 -28.5191 5.6260 0.9304 0.3093 0.0894
-19.5191 -27.3664 26.5802 0.9673 0.2620 0.0342
-29.7099 -8.4275 19.4275 0.9744 0.1711 0.0098
-45.9237 -17.3664 23.8321 0.9736 0.1843 -0.0381
-30.5496 -35.5267 31.1298 0.9934 0.1536 -0.0452
-38.7023 -58.7328 38.9466 0.9944 0.3213 -0.0149
-58.4427 -16.6641 53.3740 1.1270 0.0190 -0.2109
-2.8931 28.1298 76.9084 1.2253 -0.2039 -0.0134
103.7634 2.6641 -6.0840 0.7454 0.4216 -0.8357
-73.1145 -43.5267 -68.0229 0.9319 -0.3586 -0.0161
-95.1145 -23.8931 -56.7634 1.0276 0.0549 -0.1477
-24.0992 19.9008 -69.5878 1.0061 -0.3958 -0.0806
-44.9695 54.2519 -40.4046 0.9546 -0.3899 -0.1355
-136.5802 22.9008 -27.4351 0.9570 1.5176 0.2358
-43.1679 22.9160 -3.3817 1.0034 0.1223 0.0193
-41.6031 15.9008 -1.5496 0.9810 0.1455 0.1057
-43.5496 -1.0763 4.3969 0.9268 0.2102 0.1150
-43.1221 -8.1832 1.2595 0.9885 0.2014 0.0391
-45.8397 -6.2137 1.6565 0.9563 0.2241 0.1016
-39.0763 -9.5038 3.2519 0.9714 0.2202 0.0747
-37.7405 -4.4351 3.3893 0.9758 0.2158 0.0688
-38.3588 -5.8626 2.6565 0.9744 0.2051 0.0657
-34.6565 -3.8779 2.8550 0.9768 0.2090 0.0703
-38.1069 -3.3817 1.7176 0.9758 0.2114 0.0710
-1 -1 -1 -1 -1 -1
-39.9618 -4.8321 1.5573 0.9712 0.2205 0.0740
-39.6336 -3.5573 1.2748 0.9766 0.2144 0.0764
-39.5115 -2.0840 0.4656 0.9788 0.2158 0.0747
-37.9695 -3.2137 1.4885 0.9648 0.2227 0.0896
-38.1832 -3.9008 1.8931 0.9648 0.2129 0.0872
-39.3740 -3.7557 1.2443 0.9758 0.2256 0.0916
-37.8321 -2.5649 1.4504 0.9756 0.2202 0.0881
-39.7481 -4.1298 0.8321 0.9761 0.2195 0.0916
-38.0916 -3.9313 1.5038 0.9641 0.2234 0.0947
-1 -1 -1 -1 -1 -1
-1 -1 -1 -1 -1 -1
-1 -1 -1 -1 -1 -1
-1 -1 -1 -1 -1 -1
-1 -1 -1 -1 -1 -1
-1 -1 -1 -1 -1 -1
-1 -1 -1 -1 -1 -1
-38.8244 -5.3206 1.4656 0.9680 0.2300 0.0950
-1 -1 -1 -1 -1 -1
1.5344 -64.5725 0.2595 1.0867 0.1011 0.0330
51.2977 -3.6794 44.7099 0.9971 -0.6616 -0.0662
-28.5344 9.9924 89.9008 1.1111 -0.4121 -0.1675
-44.1450 15.5954 83.0000 1.0764 -0.0989 -0.0962
-25.0076 3.1145 56.2137 0.8811 0.1079 -0.1755
-187.7328 -39.2824 19.2137 0.7407 0.1589 -0.0811
-4.8855 4.1298 -84.8168 0.8452 0.1472 -0.3127
-71.2366 37.4733 -76.9237 1.5007 -0.2480 0.1545
-47.3206 14.5496 -41.9313 0.9495 0.0000 -0.0791
-58.7863 -3.4427 -32.2595 1.0491 0.0320 -0.0671
-57.2824 -0.1069 -14.4580 0.9863 0.1597 -0.0613
-52.5344 16.4046 -16.0687 0.9910 0.1809 -0.0886
-46.4198 23.8168 -10.8931 0.9355 0.3313 0.0972
-36.8702 -0.0611 -1.1756 0.9446 0.2888 0.0598
-49.5649 14.2290 -3.3740 0.9670 0.2322 0.0173
-46.6336 7.0687 0.7328 0.8748 0.2771 0.2681
-34.7710 -8.5725 -0.9695 0.9512 0.2725 0.0996
-40.8550 -2.3053 -0.5649 0.9624 0.2791 0.1326
-37.0916 -7.1527 1.5191 0.9597 0.2700 0.1033
-39.8244 -4.0992 1.5496 0.9568 0.2693 0.1045
-38.1145 -4.8855 2.7405 0.9534 0.2646 0.1099
-38.1679 -5.8550 1.8168 0.9575 0.2688 0.1174
-1 -1 -1 -1 -1 -1
-39.3817 -3.5115 1.7328 0.9570 0.2664 0.1057
-1 -1 -1 -1 -1 -1
-1 -1 -1 -1 -1 -1
-39.1374 -4.9313 1.3282 0.9580 0.2791 0.1013
-38.9618 -3.3359 1.2901 0.9568 0.2717 0.1101
-1 -1 -1 -1 -1 -1
-1 -1 -1 -1 -1 -1
-1 -1 -1 -1 -1 -1
-38.9237 -4.9237 1.5878 0.9531 0.2688 0.1155
-1 -1 -1 -1 -1 -1
-1 -1 -1 -1 -1 -1
-1 -1 -1 -1 -1 -1
-1 -1 -1 -1 -1 -1
-1 -1 -1 -1 -1 -1
-1 -1 -1 -1 -1 -1
-1 -1 -1 -1 -1 -1
-1 -1 -1 -1 -1 -1
-1 -1 -1 -1 -1 -1
0.0611 -36.5038 8.3817 0.9163 0.3174 0.1372
-11.0916 -35.2977 20.3740 0.9858 0.3235 -0.0337
-46.2519 0.9847 18.9466 0.9595 0.2703 -0.0100
-34.1679 -24.1527 24.0687 0.9734 0.2234 -0.0447
-20.9847 -20.9313 28.9084 0.9937 0.1514 -0.0686
2.6412 -71.7328 42.9924 0.9963 0.0706 -0.0513
-43.0840 -59.7634 48.3588 0.9709 0.0442 -0.3345
-119.5038 50.3206 99.4962 1.5706 -0.2009 -0.3149
146.0840 89.7939 31.2595 0.6921 0.7109 -0.4875
-60.4504 -66.8855 -41.2824 0.9326 0.2700 0.2251
6.5954 -25.4275 -81.1603 0.8274 -0.1165 -0.0139
-151.9771 8.6412 -73.5725 1.0774 -0.3904 -0.1660
-56.6794 10.1985 -57.2519 1.0308 -0.2510 -0.1196
-71.4504 35.6947 -16.1985 1.0159 -0.2117 0.0088
-90.6107 22.5878 -11.7786 1.0381 0.0986 0.1323
-20.1908 27.9847 -3.1221 0.9758 0.1665 0.1255
-10.8779 19.7786 -2.0305 1.0422 0.3596 0.1565
-36.0687 -2.7634 1.6947 0.9797 0.2200 0.1201
-49.4122 -6.2137 2.7099 0.9497 0.2502 0.1526
-42.4733 -7.3893 4.0000 0.9646 0.2383 0.1187
-43.3130 -8.0000 3.7023 0.9524 0.2302 0.1143
-39.6947 -4.6870 0.7710 0.9751 0.1960 0.1116
-38.7863 -3.3969 1.6641 0.9583 0.2236 0.1208
-38.2977 -4.4809 3.0000 0.9727 0.2310 0.1213
-38.0687 -5.1603 2.7176 0.9646 0.2275 0.1274
-38.3893 -5.8092 3.0916 0.9729 0.2278 0.1165
-1 -1 -1 -1 -1 -1
-1 -1 -1 -1 -1 -1
-38.5267 -5.2824 2.8168 0.9680 0.2217 0.1123
-38.1832 -6.5267 3.4580 0.9685 0.2222 0.1079
-39.5115 -7.5344 3.1527 0.9695 0.2200 0.1128
-40.1374 -7.2672 2.9847 0.9744 0.2122 0.1001
-1 -1 -1 -1 -1 -1
-39.2519 -5.6718 2.9160 0.9783 0.2053 0.0969
-39.2061 -5.6870 2.4427 0.9763 0.2026 0.0903
-1 -1 -1 -1 -1 -1
-1 -1 -1 -1 -1 -1
-1 -1 -1 -1 -1 -1
-1 -1 -1 -1 -1 -1
-1 -1 -1 -1 -1 -1
-38.0382 -2.8397 1.0916 0.9709 0.2200 0.1143
-1 -1 -1 -1 -1 -1
-1 -1 -1 -1 -1 -1
-35.2748 -11.1069 2.7023 0.9805 0.2048 0.1392
-26.3053 -39.3130 5.9466 0.9734 0.1807 0.0859
97.7710 -58.7405 0.1679 1.2095 -0.4646 0.1843
-33.8473 4.5191 60.1756 1.0574 -0.3708 -0.0913
-102.5573 37.3053 77.0000 1.0698 -0.0647 -0.0249
-69.3893 22.9695 75.1221 1.0266 0.0188 -0.0867
-93.0687 -7.6641 53.7634 0.7466 0.0776 -0.0845
-152.7023 -72.2443 -11.9237 0.7954 0.2029 0.0166
-17.1221 -6.2519 -91.3130 1.7056 0.1453 -0.0852
-80.3817 17.2366 -62.5573 1.0437 0.0735 -0.1265
-68.8168 24.9237 -36.4198 0.9116 0.0708 -0.2134
-42.7634 13.4351 -17.4427 1.0269 0.1450 -0.1121
-30.2901 23.7176 -6.2366 0.9922 0.3225 -0.2300
-69.2595 57.5802 -31.5038 0.7961 0.6333 0.2087
-22.3893 -2.7328 -7.6260 0.8323 0.2454 0.2639
-43.8855 -10.9466 -5.9466 1.0171 0.2021 -0.0068
-55.2824 -0.0534 -1.9389 0.9983 0.1829 0.0923
-37.3435 -5.7328 -0.8473 0.9595 0.2432 0.0425
-41.5573 4.9313 -0.4351 0.9597 0.2451 0.0557
-35.1069 3.8244 2.4198 0.9546 0.2200 0.0879
-38.9313 1.0458 0.1603 0.9446 0.2698 0.0857
-39.9313 -0.3893 2.1527 0.9687 0.2461 0.1011
-39.5649 -1.8397 1.0382 0.9702 0.2334 0.1125
-40.2290 -1.9160 1.7863 0.9758 0.2534 0.1375
-38.7786 -2.6641 2.0229 0.9734 0.2351 0.1221
-1 -1 -1 -1 -1 -1
-39.1450 -5.8855 2.5649 0.9612 0.2388 0.1274
-39.3130 -7.3588 3.3359 0.9690 0.2314 0.1094
-38.2901 -6.5267 3.0305 0.9690 0.2302 0.1321
-36.8931 -6.3817 3.3893 0.9626 0.2297 0.1160
-1 -1 -1 -1 -1 -1
-39.4580 -5.0153 1.5038 0.9705 0.2300 0.1011
-38.6107 -4.2366 2.7557 0.9600 0.2319 0.1023
-38.0534 -5.5496 2.5573 0.9626 0.2271 0.1108
-38.7786 -5.3511 2.6183 0.9717 0.2227 0.0969
-1 -1 -1 -1 -1 -1
-1 -1 -1 -1 -1 -1
-1 -1 -1 -1 -1 -1
-1 -1 -1 -1 -1 -1
-38.4962 -5.1069 2.3435 0.9687 0.2280 0.1040
-38.9313 -4.5802 2.1603 0.9761 0.2217 0.1099
-15.3053 6.6031 -2.7786 0.9932 0.1770 0.2073
-17.1374 -32.9008 2.9542 0.9670 0.2412 0.0779
-15.8626 -19.7481 23.8397 0.9875 0.2004 -0.0208
-20.2519 -13.5649 20.8931 0.9641 0.1960 0.0220
-33.8855 -27.6107 27.2977 0.9731 0.1399 -0.0459
-5.8015 -65.8244 33.7710 0.9600 0.1719 0.0129
-25.1756 -94.9924 44.0305 0.9270 0.1106 -0.2935
-19.4275 -48.4046 45.8244 0.7148 -0.0625 -0.5991
-128.5954 95.6870 77.9160 1.7371 -0.5044 -0.4429
84.1145 96.3817 45.9618 0.7576 0.2629 -0.5977
-74.6870 -67.4733 -68.6641 0.7476 0.4326 0.0144
117.4198 -39.1221 -87.4428 0.9897 -0.3386 0.1943
-89.1298 -12.4275 -64.1908 1.1304 -0.5137 -0.1370
-65.5496 14.7710 -43.0000 1.0337 -0.3770 -0.2339
-64.0382 28.6260 -2.8779 1.0054 -0.2358 -0.1113
-85.2977 21.4733 -1.0534 1.1331 0.4941 -0.2158
-23.9618 27.1908 18.5573 0.9714 -0.1375 -0.1125
-44.6412 14.2901 5.9237 0.9641 0.1650 0.0044
-46.0611 5.3588 0.3053 0.9751 0.1965 0.0491
-44.7634 -3.2366 -0.8931 0.8660 0.0996 0.0288
-41.2519 2.4580 -0.6565 0.9954 0.1643 0.0840
-35.8015 4.2443 -4.7099 0.9202 0.1672 0.0640
-1 -1 -1 -1 -1 -1
-31.9008 -3.3053 -1.6260 0.9937 0.1768 0.1292
-39.2290 -8.6031 -0.9924 0.9556 0.2495 0.1304
-38.0076 -7.8779 0.2519 0.9695 0.2202 0.1187
-36.8779 -5.3511 0.7710 0.9736 0.2158 0.0952
-1 -1 -1 -1 -1 -1
-1 -1 -1 -1 -1 -1
-37.5802 -6.5344 3.7634 0.9746 0.2129 0.1045
-38.6947 -6.7176 2.9313 0.9690 0.2168 0.0945
-38.9389 -4.1756 2.1298 0.9751 0.2214 0.0920
-1 -1 -1 -1 -1 -1
-39.6412 -3.9008 1.8931 0.9714 0.2146 0.0967
-39.7710 -5.0916 2.3969 0.9683 0.2163 0.0984
-1 -1 -1 -1 -1 -1
-1 -1 -1 -1 -1 -1
-1 -1 -1 -1 -1 -1
-1 -1 -1 -1 -1 -1
-1 -1 -1 -1 -1 -1
-1 -1 -1 -1 -1 -1
-1 -1 -1 -1 -1 -1
-1 -1 -1 -1 -1 -1
-32.8397 -15.5420 6.3053 0.9585 0.2334 0.1401
-3.1908 -69.5649 4.4656 1.0317 0.0764 -0.0261
182.6870 10.7863 27.4733 1.0159 -0.9102 0.1777
-99.1985 32.2443 92.2595 1.0742 -0.4868 -0.0537
-116.7328 26.4046 80.2366 1.1067 0.1404 -0.1650
-62.6718 4.9542 66.6336 0.8735 -0.1001 -0.0593
-101.0611 -30.2519 33.1069 0.7043 0.0840 -0.0991
-147.6641 -84.7557 -33.7710 0.8425 -0.7114 -1.2156
22.4504 15.7939 -109.6565 1.4336 -0.0071 0.1643
-64.6794 35.0153 -47.3511 1.0100 0.1299 -0.0334
-44.8015 31.7481 -27.9008 0.9353 -0.0090 -0.0417
-66.9771 14.4809 -24.1603 1.0154 0.1086 0.0376
-55.0840 0.6794 -16.0458 0.9746 0.1331 0.0745
-32.6794 10.3893 -12.4275 0.9639 0.2180 0.0657
-50.8855 0.6947 -5.1145 0.9587 0.1995 0.0857
-52.6183 1.5115 -2.6489 0.9751 0.2168 0.0862
-38.9389 9.3664 -4.4962 0.9575 0.2224 0.1321
-43.7252 9.5878 -2.8626 0.9556 0.2603 0.1694
-42.8779 -6.4962 -0.1374 0.9578 0.2483 0.1714
-1 -1 -1 -1 -1 -1
-37.6489 -5.5802 3.6336 0.9678 0.2529 0.1526
-36.6107 -4.4198 3.5725 0.9626 0.2429 0.1592
-36.7939 -4.6336 2.7786 0.9612 0.2471 0.1602
-37.6565 -5.5420 2.1450 0.9609 0.2490 0.1421
-1 -1 -1 -1 -1 -1
-37.7634 -6.1756 1.9847 0.9614 0.2507 0.1377
-1 -1 -1 -1 -1 -1
-38.2519 -5.1603 1.6641 0.9722 0.2490 0.1438
-1 -1 -1 -1 -1 -1
-1 -1 -1 -1 -1 -1
-38.8244 -4.7252 1.8473 0.9661 0.2466 0.1340
-38.9389 -5.2672 1.5878 0.9612 0.2549 0.1440
-38.3359 -5.2443 2.0000 0.9514 0.2568 0.1384
-38.3740 -5.1603 2.1450 0.9595 0.2493 0.1421
-38.6565 -5.5878 1.6870 0.9619 0.2483 0.1411
-1 -1 -1 -1 -1 -1
-38.3664 -4.9237 2.1298 0.9656 0.2502 0.1335
-1 -1 -1 -1 -1 -1
-1 -1 -1 -1 -1 -1
-1 -1 -1 -1 -1 -1
-1 -1 -1 -1 -1 -1
-1 -1 -1 -1 -1 -1
-38.5115 -5.0382 1.7939 0.9629 0.2485 0.1343
-1 -1 -1 -1 -1 -1
-1 -1 -1 -1 -1 -1
-1 -1 -1 -1 -1 -1
-39.4733 -5.2595 1.0840 0.9700 0.2620 0.0962
-43.2977 0.4885 1.9695 0.9585 0.2537 0.1367
-38.5725 -3.6565 1.9466 0.9592 0.2534 0.1409
-1 -1 -1 -1 -1 -1
-1 -1 -1 -1 -1 -1
-39.2214 -5.0458 0.9389 0.9651 0.2532 0.1316
-1 -1 -1 -1 -1 -1
-1 -1 -1 -1 -1 -1
-1 -1 -1 -1 -1 -1
-1 -1 -1 -1 -1 -1
-1 -1 -1 -1 -1 -1
-1 -1 -1 -1 -1 -1
-18.6336 -23.6641 4.7023 0.9243 0.3228 0.1658
-21.4809 -20.0458 21.1756 0.9731 0.2944 0.0542
-21.5496 -15.8168 21.0153 0.9453 0.2312 0.1174
-19.0000 -40.7863 25.5038 0.9705 0.2009 -0.0427
-20.2137 -60.2290 36.3511 0.8743 0.1292 -0.0745
-13.2061 -69.4428 37.0076 0.9937 0.0227 -0.1716
-65.1527 -59.2214 37.5038 1.0205 -0.0857 -0.3486
-15.3053 31.4275 77.4046 1.1931 -0.0559 -0.4575
21.3053 118.9618 95.8550 1.1135 0.6433 0.0942
-43.7023 -99.6718 -49.8321 0.7378 0.7351 -0.1479
196.8931 -44.4885 -142.6641 0.8230 -0.4199 -0.0276
-138.0763 -8.7710 -67.9160 1.0374 -0.6948 -0.1731
-109.0687 31.1221 -30.6031 1.0764 -0.2947 -0.2468
-98.2290 54.7710 -28.2290 0.8481 -0.2559 -0.0366
-160.2061 36.4427 20.6412 1.0874 0.2888 0.1758
-8.3817 37.6336 -10.0153 0.9343 0.0906 0.0366
-13.4275 25.5038 3.9847 0.9661 0.0930 0.1750
-32.0229 -8.4198 4.7634 0.9758 0.2236 0.1340
-46.1069 -7.9924 5.7939 0.9585 0.2332 0.1575
-44.0840 -11.5267 3.1985 0.9668 0.2170 0.1252
-36.1603 -4.9466 2.0076 0.9687 0.2297 0.1257
-34.0687 -1.4962 2.4656 0.9578 0.2305 0.1243
-37.2137 -5.0534 2.8931 0.9646 0.2246 0.1128
-40.0916 -7.4962 3.2901 0.9656 0.2285 0.1199
-39.6870 -6.0916 3.0076 0.9670 0.2146 0.1062
-37.5267 -4.1756 2.5649 0.9709 0.2119 0.1123
-1 -1 -1 -1 -1 -1
-39.5344 -5.6641 2.8779 0.9731 0.2192 0.1189
-38.0687 -5.1756 2.8550 0.9729 0.2163 0.1060
-1 -1 -1 -1 -1 -1
-38.8550 -5.7023 2.8550 0.9646 0.2214 0.1050
-39.8626 -6.5344 3.0611 0.9712 0.2156 0.1094
-1 -1 -1 -1 -1 -1
-39.6107 -5.9313 2.8321 0.9724 0.2053 0.1104
-1 -1 -1 -1 -1 -1
-1 -1 -1 -1 -1 -1
-1 -1 -1 -1 -1 -1
-1 -1 -1 -1 -1 -1
-32.0305 -0.4046 1.1603 0.9687 0.2158 0.1155
-38.8550 -3.9008 1.4504 0.9631 0.2139 0.1204
-1 -1 -1 -1 -1 -1
-38.5038 -6.3893 1.0687 0.9702 0.2124 0.1116
-37.4122 -2.1069 -0.0153 0.9702 0.2051 0.1196
-38.6489 -3.6031 0.4046 0.9741 0.2227 0.1191
-1 -1 -1 -1 -1 -1
-1 -1 -1 -1 -1 -1
-38.2824 -3.9924 -0.9084 0.9670 0.2417 0.1121
-39.7710 -5.0687 0.6794 0.9597 0.2490 0.1189
-40.8931 -5.5954 1.6870 0.9631 0.2468 0.1245
-1 -1 -1 -1 -1 -1
-1 -1 -1 -1 -1 -1
-31.6412 -0.3130 -2.2748 0.9666 0.2317 0.1023
-34.6107 -2.6565 -0.3359 0.9585 0.2549 0.1252
-1 -1 -1 -1 -1 -1
-1 -1 -1 -1 -1 -1
-1 -1 -1 -1 -1 -1
-41.1069 -6.7939 2.4198 0.9524 0.2563 0.1135
-1 -1 -1 -1 -1 -1
-1 -1 -1 -1 -1 -1
-38.2672 -5.6565 1.6718 0.9636 0.2456 0.1045
-1 -1 -1 -1 -1 -1
-1 -1 -1 -1 -1 -1
-1 -1 -1 -1 -1 -1
-1 -1 -1 -1 -1 -1
-1 -1 -1 -1 -1 -1
-1 -1 -1 -1 -1 -1
-45.3817 -32.6031 6.0382 0.9832 0.2261 0.1162
70.9389 -95.6260 46.2519 1.3997 -0.7441 -0.1592
27.7252 6.9618 76.6718 1.0830 -0.7107 -0.0332
-135.1069 40.8397 125.6794 1.1265 -0.2314 -0.0029
-54.5954 31.8702 98.5649 1.0586 0.1504 0.0225
-107.6031 -34.5878 21.3664 0.7161 0.3838 -0.0718
-80.7405 -59.1832 -63.3740 1.3752 0.7141 0.7930
-90.1603 -5.6489 -38.2214 1.5396 -0.8428 -0.0967
-78.4351 59.5267 -40.8015 0.9541 -0.0195 -0.1033
-50.7634 7.3969 -29.4962 0.9546 0.1799 0.0400
-52.4580 -0.5573 -17.2748 1.0217 0.1599 -0.0266
-55.3282 21.3817 -22.0916 0.9797 0.1272 -0.1028
-49.1832 35.3359 -10.2137 1.0291 0.1536 0.0977
-42.6641 -0.9389 -4.7328 0.9473 0.2622 0.1387
-50.0458 -0.3511 -7.6641 0.9651 0.2415 0.1248
-36.1527 -2.9695 -2.3206 0.9734 0.2095 0.1265
-34.2290 5.0687 -5.5573 0.9319 0.2546 0.1160
-35.1374 -3.5038 0.4962 0.9460 0.2903 0.1687
-41.3893 -5.0763 0.1985 0.9470 0.2849 0.1653
-37.6718 -4.6412 1.5496 0.9619 0.2607 0.1580
-39.5878 -3.6336 1.3511 0.9529 0.2708 0.1562
-38.0534 -7.2595 1.6641 0.9412 0.2900 0.1719
-39.5649 -7.1832 1.5267 0.9556 0.2664 0.1504
-38.2290 -5.6870 1.6870 0.9595 0.2908 0.1587
-1 -1 -1 -1 -1 -1
-39.7939 -8.3969 3.0382 0.9531 0.2795 0.1426
-38.0076 -6.4275 2.1374 0.9568 0.2734 0.1448
-37.7252 -3.6641 0.7481 0.9587 0.2830 0.1348
-1 -1 -1 -1 -1 -1
-1 -1 -1 -1 -1 -1
-1 -1 -1 -1 -1 -1
-39.0076 -5.2748 2.6947 0.9526 0.2920 0.1426
-1 -1 -1 -1 -1 -1
-37.6718 -2.6641 1.5420 0.9429 0.2842 0.1465
-37.1298 -4.0458 2.4885 0.9514 0.2830 0.1384
-39.4504 -6.1832 2.6412 0.9409 0.2910 0.1387
-1 -1 -1 -1 -1 -1
-1 -1 -1 -1 -1 -1
-1 -1 -1 -1 -1 -1
-1 -1 -1 -1 -1 -1
-1 -1 -1 -1 -1 -1
-1 -1 -1 -1 -1 -1
-1 -1 -1 -1 -1 -1
-1 -1 -1 -1 -1 -1
-1.5878 -28.9542 13.4656 0.9270 0.3486 0.1167
-14.5038 -18.9237 20.4046 0.9602 0.3044 0.0684
-29.0458 -10.2366 20.3893 0.9841 0.1853 -0.0063
-29.0458 -23.0992 26.8550 0.9604 0.2073 0.0264
-7.0382 -66.7863 42.8931 0.9775 0.0637 -0.0264
-23.8702 -85.8550 51.9847 0.9866 0.1001 -0.2678
-89.2672 42.0458 78.4809 1.1909 -0.0378 -0.4849
51.8931 62.0458 73.8015 1.0281 0.4514 0.1016
-32.1679 -33.8244 -27.7023 0.8999 0.6702 0.1882
27.3130 -10.7634 -77.5191 1.0120 -0.0093 -0.0142
-143.1985 -29.4122 -50.1908 1.0100 -0.1667 -0.2646
-66.8244 8.4504 -49.6489 1.0027 -0.2058 -0.2319
-76.0153 29.9542 -24.1908 0.9915 -0.2192 -0.0249
-130.7252 2.2977 11.4885 0.8979 0.2451 -0.0933
-30.3817 33.6412 -8.2290 1.0149 0.1638 0.0398
-21.9847 20.8015 3.8550 0.9761 0.0522 0.1064
-44.1985 -4.6718 3.1298 0.9700 0.1770 0.1382
-40.2595 -0.6107 3.5573 0.9692 0.2026 0.1099
-34.8550 -0.7176 0.8779 0.9797 0.2395 0.1345
-39.9008 -3.7481 1.2672 0.9687 0.2156 0.1262
-37.9618 -5.3588 1.6260 0.9658 0.2139 0.1414
-38.5725 -5.0382 1.3588 0.9702 0.2126 0.1392
-1 -1 -1 -1 -1 -1
-34.3130 0.7557 0.7099 0.9751 0.2046 0.1594
-39.0916 -4.7710 1.3282 0.9651 0.2275 0.1597
-41.2214 -5.6870 2.9618 0.9700 0.2173 0.1399
-39.9542 -5.2214 3.2977 0.9797 0.2119 0.1406
-39.2214 -5.0305 2.6183 0.9734 0.2039 0.1487
-1 -1 -1 -1 -1 -1
-1 -1 -1 -1 -1 -1
-1 -1 -1 -1 -1 -1
-1 -1 -1 -1 -1 -1
-1 -1 -1 -1 -1 -1
-38.9084 -4.6947 1.9542 0.9739 0.2075 0.1465
-1 -1 -1 -1 -1 -1
-1 -1 -1 -1 -1 -1
-1 -1 -1 -1 -1 -1
-1 -1 -1 -1 -1 -1
-1 -1 -1 -1 -1 -1
-1 -1 -1 -1 -1 -1
-1 -1 -1 -1 -1 -1
-1 -1 -1 -1 -1 -1
-1 -1 -1 -1 -1 -1
-31.8015 -24.3817 4.9542 0.9644 0.2075 0.1025
37.7634 -62.8015 5.2061 1.0925 -0.0879 0.0977
-42.5496 -7.1908 65.2137 1.0422 -0.4380 0.0627
-138.5954 20.1527 89.9084 1.1582 -0.1602 -0.0029
-37.8168 7.0382 82.4733 1.0244 0.0947 -0.0583
-17.3740 -10.8702 35.8397 0.7566 0.1875 -0.0295
-123.5496 -54.2901 -8.8321 0.7051 0.0627 0.0115
24.0611 -13.9466 -90.1756 1.1321 0.4475 -0.1255
-88.1756 33.1527 -76.2519 1.0630 0.0715 0.5786
-31.0000 33.0992 -43.3282 0.9729 -0.0386 -0.0491
-61.9084 -1.8626 -27.6183 1.0010 0.0342 0.0283
-52.0153 9.0840 -21.8092 1.0142 0.1509 0.0347
-45.1679 3.6183 -10.7328 0.9033 0.2063 -0.0039
-56.3130 15.1603 -13.0534 0.9436 0.1543 0.0466
-46.9160 14.9084 -1.3053 0.9585 0.2185 0.1326
-40.6718 2.1603 3.0916 0.9426 0.2742 0.1614
-42.9160 2.7481 0.9542 0.9382 0.2944 0.1641
-39.5496 -9.7176 0.3130 0.9778 0.2485 0.1140
-38.6565 -2.6489 -0.1679 0.9482 0.2683 0.1643
-37.2137 -2.4427 0.5344 0.9529 0.2678 0.1553
-36.9466 -2.5344 0.9389 0.9512 0.2766 0.1675
-37.4962 -2.4351 1.2366 0.9500 0.2537 0.2271
-37.8855 -4.8779 2.5573 0.9536 0.2810 0.1663
-40.7099 -5.8473 3.1985 0.9509 0.2810 0.1677
-38.5344 -4.2977 2.7557 0.9412 0.2715 0.1638
-1 -1 -1 -1 -1 -1
-1 -1 -1 -1 -1 -1
-38.8550 -5.0305 2.0382 0.9531 0.2642 0.1550
-38.7786 -4.6794 1.8092 0.9585 0.2625 0.1589
-38.0382 -4.1450 1.2901 0.9604 0.2710 0.1553
-39.4809 -4.6565 1.1679 0.9565 0.2683 0.1624
-1 -1 -1 -1 -1 -1
-1 -1 -1 -1 -1 -1
-1 -1 -1 -1 -1 -1
-1 -1 -1 -1 -1 -1
-1 -1 -1 -1 -1 -1
-1 -1 -1 -1 -1 -1
-0.6870 -22.3664 6.8397 0.9260 0.3611 0.1890
-20.2061 -12.1679 14.6718 0.9690 0.2634 0.0662
-29.5191 -8.6794 13.8092 0.9600 0.2815 0.1025
-34.0382 -17.8321 19.1298 0.9580 0.2095 0.0876
-23.4122 -31.5344 26.2214 0.9734 0.1780 0.0254
-19.1069 -55.2519 42.5954 0.9521 0.0723 -0.0398
-34.9313 -67.1221 56.3359 1.0168 0.0999 -0.1924
-90.9466 -2.2901 75.7481 1.4485 -0.0579 -0.1589
50.7252 54.5725 59.9847 0.9624 0.3574 -0.0024
-10.3130 -11.8168 -34.7481 0.6934 0.4473 0.0796
-79.1985 -45.4733 -61.6336 1.1902 -0.0977 -0.0955
-11.9924 -9.3817 -83.6870 1.1003 -0.2393 -0.0613
-98.6718 32.4122 -55.4275 1.0164 -0.3042 -0.0854
53.1679 -18.1603 71.7176 -0.1353 -2.0000 -1.2009
-35.8855 54.8931 2.0382 0.9290 -0.1296 0.1042
-121.3664 -16.8626 22.2595 0.8333 0.2039 0.3152
-51.7557 -15.2519 4.9160 0.9626 0.2607 0.0815
-39.0687 -2.5420 5.3511 0.9734 0.2102 0.0935
-40.7786 -8.5420 4.6718 0.9680 0.2217 0.1133
-38.0458 -4.2748 2.8397 0.9753 0.2070 0.0872
-37.2672 -6.0153 2.9542 0.9771 0.2065 0.0950
-39.7099 -5.5802 2.3206 0.9692 0.1885 0.0867
-40.2443 -5.1527 1.3817 0.9775 0.1980 0.0779
-39.0992 -2.3053 0.9771 0.9778 0.1982 0.0833
-38.9237 -5.2290 2.0611 0.9773 0.2068 0.0977
-39.9313 -5.1832 1.5038 0.9697 0.2075 0.0920
-38.0076 -4.6031 2.1527 0.9734 0.2004 0.0881
-39.0076 -5.3893 1.6107 0.9758 0.2014 0.0872
-38.4962 -5.5725 1.7481 0.9790 0.2134 0.0867
-38.2595 -5.3588 1.7786 0.9712 0.2112 0.0923
-1 -1 -1 -1 -1 -1
-1 -1 -1 -1 -1 -1
-1 -1 -1 -1 -1 -1
-1 -1 -1 -1 -1 -1
-1 -1 -1 -1 -1 -1
-1 -1 -1 -1 -1 -1
-1 -1 -1 -1 -1 -1
-1 -1 -1 -1 -1 -1
-1 -1 -1 -1 -1 -1
-32.3511 -24.7328 3.7863 0.9866 0.2031 0.1733
-48.0840 -38.9847 3.2595 1.2471 -0.4541 0.0098
-52.2748 29.2519 79.3283 1.1069 -0.3398 0.0120
-88.5954 15.1298 74.8702 1.2461 0.0669 -0.0342
-29.8473 -10.0076 72.1145 0.9255 0.1765 -0.0588
-87.0000 -48.4962 29.9008 0.7080 0.1577 -0.0364
-135.5878 -30.4656 -33.4885 0.6270 0.0684 -0.9463
20.2519 1.9695 -94.6641 1.4678 0.2935 0.2720
-85.4809 33.5725 -48.5496 0.8943 0.0068 -0.0776
-73.7863 18.7328 -28.2214 0.9434 0.0669 -0.0962
-50.5954 11.1527 -29.6641 0.9841 0.2361 0.0103
-45.6412 4.6412 -12.7252 0.9402 0.2576 0.0308
-48.6641 9.8321 -12.6947 0.9604 0.2427 0.0144
-60.7176 17.1603 -1.1145 0.9788 0.2847 0.0764
-46.2519 11.9237 -1.6794 0.9146 0.2886 0.1494
-41.3664 5.5191 -2.4046 0.9170 0.2864 0.1865
-37.3435 -9.1298 2.2214 0.9529 0.2554 0.1516
-38.8244 0.6489 2.4733 0.9548 0.2493 0.1479
-36.4046 -0.1450 1.2595 0.9502 0.2600 0.1804
-39.5344 -9.8092 0.2748 0.9575 0.2612 0.1741
-39.0687 -5.9237 1.2443 0.9592 0.2563 0.1604
-37.7863 -4.7328 1.0229 0.9539 0.2617 0.1624
-38.3817 -6.6336 1.7099 0.9492 0.2654 0.1672
-38.7863 -7.3130 1.7786 0.9514 0.2632 0.1633
-38.8473 -5.5649 2.1145 0.9570 0.2603 0.1460
-38.7786 -5.1679 1.4504 0.9565 0.2571 0.1528
-38.5649 -4.0687 1.6718 0.9565 0.2622 0.1584
-38.6870 -4.2061 1.8244 0.9524 0.2571 0.1475
-38.6794 -4.8550 2.0229 0.9592 0.2583 0.1604
-38.5267 -5.4046 2.0763 0.9612 0.2649 0.1577
-38.5725 -5.2519 1.7634 0.9580 0.2605 0.1455
-38.7863 -4.9237 1.8092 0.9590 0.2585 0.1450
-1 -1 -1 -1 -1 -1
-39.0076 -4.3053 1.4275 0.9531 0.2681 0.1516
-1 -1 -1 -1 -1 -1
-39.8015 -4.4351 1.4733 0.9548 0.2705 0.1543
-39.3282 -5.0382 1.7557 0.9526 0.2659 0.1523
-1 -1 -1 -1 -1 -1
-1 -1 -1 -1 -1 -1
-40.9160 -1.2672 3.2672 0.9656 0.2598 0.1392
-1 -1 -1 -1 -1 -1
-1 -1 -1 -1 -1 -1
-16.5802 -48.0076 7.8244 0.9519 0.2793 0.0513
-35.7481 -28.5038 10.2672 0.9990 0.2305 -0.0862
-37.4122 -8.6412 4.3206 0.9797 0.2017 -0.0583
-38.1145 6.2137 2.4351 0.9644 0.2441 -0.0408
-30.6718 -9.4351 17.9847 0.9844 0.2205 -0.0159
-30.5191 3.3359 16.0458 0.9719 0.1848 -0.0500
-14.7786 -42.4962 28.1069 0.9502 0.1257 -0.0386
-26.2519 -73.5267 35.7023 0.9724 0.1848 -0.1440
-57.9695 -28.4962 44.1832 1.1064 0.1289 -0.2192
22.5954 41.2061 85.8779 1.2722 -0.1980 0.0093
94.8855 12.1298 4.0916 0.7302 0.3896 -0.9512
-44.4656 -31.5573 -71.0305 0.8379 -0.0952 -0.1123
-27.6565 -15.3664 -57.9466 1.0493 -0.4485 -0.1541
-25.0076 4.8702 -62.8092 1.0012 -0.2637 -0.1206
-121.8931 9.5725 -14.9847 1.0144 -0.3396 -0.0549
32.7786 18.3740 -3.9313 0.9014 -0.2551 -0.0969
-66.4198 8.2137 11.9695 1.0254 0.1057 0.0017
-23.2290 16.0000 -0.7405 0.9548 0.2085 0.0493
-46.3664 -1.8092 8.6947 1.0032 0.0278 0.0093
-47.8931 0.7710 8.8397 0.9307 0.1401 0.0505
-49.9847 -7.1069 4.7481 0.9485 0.2485 0.0615
-61.8092 -3.3893 -2.3511 0.9526 0.2378 0.0498
37.4656 7.3969 1.0916 0.9539 0.1304 -0.1604
-32.6107 -6.8550 6.3893 1.0234 0.1206 0.0520
-38.6260 -9.2443 3.1298 0.9966 0.1523 0.0327
-35.2672 -4.4656 1.2977 0.9854 0.1377 0.0369
-36.7328 -6.7023 0.4504 0.9385 0.0876 0.0388
-1 -1 -1 -1 -1 -1
-1 -1 -1 -1 -1 -1
-46.5649 -1.1603 -2.0382 0.9915 0.1848 0.0591
-47.0611 18.2137 -4.5038 0.9939 0.2209 0.0984
-40.8550 -8.3817 0.5954 0.9663 0.1729 0.1582
-36.2366 -12.6794 1.2366 0.9707 0.1931 0.1060
-42.0611 -1.3893 -1.9847 0.9824 0.1887 0.0793
-40.9237 -3.5573 -0.4580 0.9648 0.1973 0.1003
-40.4427 -4.1756 -0.4427 0.9729 0.2058 0.1077
-36.7939 -1.4504 -0.2519 0.9690 0.2024 0.1079
-40.0382 -2.2366 -0.4962 0.9727 0.2112 0.1121
-39.8397 -5.4885 -0.3435 0.9746 0.2017 0.1116
-33.0992 -3.4656 0.3664 0.9722 0.2551 0.1160
-32.9237 -2.8092 1.0153 0.9915 0.2871 0.1052
-38.7710 -4.9771 2.7481 0.9646 0.2349 0.1133
-42.4733 -8.8244 4.6870 0.9724 0.2158 0.1060
-39.2366 -5.8626 3.0076 0.9763 0.2065 0.1018
-38.2443 -5.3511 2.4809 0.9702 0.2178 0.1191
-38.4733 -5.2137 2.5496 0.9766 0.2078 0.1025
-38.6489 -5.5344 1.9924 0.9773 0.2065 0.1025
-1 -1 -1 -1 -1 -1
-1 -1 -1 -1 -1 -1
-1 -1 -1 -1 -1 -1
-1 -1 -1 -1 -1 -1
-1 -1 -1 -1 -1 -1
-36.4351 -8.8626 4.5038 0.9924 0.1851 0.1494
-1.6031 -68.4657 6.8321 1.0520 0.0120 0.0281
81.1908 -6.0916 43.4198 1.0471 -0.5449 0.0027
-109.6565 14.3588 87.8550 1.1021 -0.2097 -0.0649
-76.8855 10.3817 61.5267 1.0457 -0.0581 -0.1199
-56.9160 -9.6565 47.0534 0.8235 0.0803 -0.1235
-119.3970 -45.4275 1.2977 0.7290 0.1926 0.0435
-2.9389 -2.4198 -78.5420 1.1829 -0.0481 -0.1113
-95.8702 18.4656 -49.5496 1.2959 -0.0640 -0.0020
-58.9084 41.2366 -36.9389 0.9631 0.0547 -0.1077
-33.1603 17.2748 -22.3969 1.1047 0.1248 0.0364
-48.8779 1.4122 -11.1832 1.0632 0.2507 -0.0039
-47.5878 13.2366 -9.8397 0.9683 0.2234 -0.0293
-59.3359 14.2214 -7.7023 0.9902 0.3215 0.1494
-56.1374 4.3969 -2.4122 0.9329 0.2427 0.0510
-52.0305 1.6870 0.8473 0.9739 0.2231 0.1279
-49.0000 0.6641 1.6489 0.9434 0.2935 0.1521
-44.9924 -10.4733 2.9542 0.9565 0.2532 0.1257
-42.2824 -6.2748 2.0763 0.9592 0.2627 0.1301
-40.0840 -2.2824 0.8473 0.9565 0.2612 0.1357
-37.9084 -2.8626 0.8626 0.9573 0.2693 0.1340
-38.6641 -2.7252 1.4580 0.9570 0.2698 0.1475
-37.7939 -1.6107 0.6870 0.9580 0.2715 0.1536
-35.7328 -0.6107 -0.0840 0.9460 0.2957 0.1399
-38.9008 -5.0000 1.2824 0.9475 0.2856 0.1538
-40.7557 -7.2214 2.4122 0.9531 0.2822 0.1504
-1 -1 -1 -1 -1 -1
-38.4656 -5.3282 2.4275 0.9521 0.2761 0.1426
-1 -1 -1 -1 -1 -1
-38.6794 -5.2290 2.4046 0.9526 0.2771 0.1516
-38.8550 -5.0076 2.1221 0.9495 0.2781 0.1460
-1 -1 -1 -1 -1 -1
-1 -1 -1 -1 -1 -1
-1 -1 -1 -1 -1 -1
-1 -1 -1 -1 -1 -1
-1 -1 -1 -1 -1 -1
-1 -1 -1 -1 -1 -1
-1 -1 -1 -1 -1 -1
-12.9618 -20.9695 17.2824 0.9714 0.2927 0.0918
-30.2366 -11.4733 13.8779 0.9619 0.2678 0.0479
-31.9008 -17.9771 17.0763 0.9563 0.2495 0.0591
-24.8244 -26.7634 23.9695 0.9949 0.1777 0.0129
-20.0305 -71.2977 46.9160 0.9185 0.1790 -0.1262
-41.7023 -32.9008 51.1374 1.1130 0.0107 -0.2258
-74.2977 13.3511 81.4504 1.7200 -0.0703 0.0862
109.7786 47.1450 42.8321 0.8018 0.2739 -0.4016
-21.3817 -33.6641 -55.8779 0.7588 0.2158 0.0823
-90.0840 -53.6183 -65.8321 0.9507 -0.3960 -0.1428
-175.3435 -5.2214 -36.5038 1.1140 -0.2737 -0.1482
-16.4122 36.8168 -57.9389 0.9819 -0.2693 -0.2666
74.2824 33.2901 19.3664 1.1204 -0.9946 -0.7776
-59.6947 26.1832 7.5649 0.9314 0.2520 0.0046
-61.3664 20.1221 3.5802 0.9795 0.4028 0.1045
-48.5954 -3.1985 3.0000 0.9407 0.2695 0.1665
-28.9466 0.5802 4.5115 0.9536 0.1697 0.0710
-34.6183 -2.6107 3.0153 0.9680 0.2283 0.1145
-39.9389 -5.0611 3.9618 0.9617 0.2292 0.1165
-40.6565 -5.2061 4.1374 0.9663 0.2290 0.1121
-41.4198 -8.7710 3.1069 0.9602 0.2153 0.0964
-40.3740 -6.2061 2.9618 0.9712 0.2144 0.1042
-38.8473 -4.5802 3.1298 0.9729 0.2075 0.1008
-38.3053 -4.2443 2.3282 0.9753 0.2087 0.1125
-38.2214 -5.1298 2.0992 0.9714 0.2126 0.1011
-1 -1 -1 -1 -1 -1
-1 -1 -1 -1 -1 -1
-38.8779 -4.5496 1.6107 0.9727 0.2048 0.1067
-37.1679 -2.3206 1.4351 0.9719 0.2151 0.1089
-38.2595 -4.3206 1.9084 0.9687 0.2175 0.1082
-38.8168 -5.8244 2.3817 0.9719 0.2097 0.1072
-1 -1 -1 -1 -1 -1
-39.0611 -5.6565 2.1908 0.9780 0.2075 0.1062
-39.3664 -5.4122 2.4198 0.9734 0.2083 0.1033
-1 -1 -1 -1 -1 -1
-1 -1 -1 -1 -1 -1
-39.1527 -4.1679 2.3359 0.9761 0.2019 0.1035
-39.2366 -3.7099 1.9771 0.9702 0.2043 0.1016
-1 -1 -1 -1 -1 -1
-1 -1 -1 -1 -1 -1
-1 -1 -1 -1 -1 -1
-1 -1 -1 -1 -1 -1
-1 -1 -1 -1 -1 -1
-1 -1 -1 -1 -1 -1
-1 -1 -1 -1 -1 -1
-1 -1 -1 -1 -1 -1
-21.0153 -38.6489 0.2748 0.9924 0.1238 0.0708
122.6107 -10.2519 30.1832 1.0854 -0.6624 0.1140
-88.0534 7.8779 82.5420 1.0854 -0.3313 -0.0120
-81.6794 -1.3664 64.7939 1.1079 -0.1228 -0.1252
-53.7099 -34.1756 65.0763 0.8750 0.2183 -0.0898
-117.2137 -57.9313 7.4809 0.7207 0.3147 0.1514
-42.4122 -9.6641 -69.2672 0.8765 0.2910 0.1492
-78.8015 2.1298 -88.5878 1.2034 -0.4568 -0.2312
-59.7786 36.8855 -42.9160 0.9558 0.0427 -0.1699
-59.7023 14.8779 -19.7863 0.8823 0.1843 -0.0447
-58.4046 3.2519 -12.5420 0.9719 0.2131 -0.0754
-59.1756 27.9695 -17.1679 0.9824 0.2021 -0.0659
-77.1756 36.9084 -8.2366 0.9968 0.2290 0.0618
-43.3817 6.5725 -0.2977 0.9202 0.2295 0.3018
-37.1374 -0.2061 -1.9466 0.9624 0.2219 0.1470
-40.9084 1.5267 -0.7939 0.9360 0.2253 0.1885
-41.7328 -8.3130 -0.8168 0.9436 0.2739 0.1890
-38.4733 -8.9084 1.8473 0.9580 0.2463 0.1609
-41.3511 -5.3130 1.3817 0.9590 0.2671 0.1497
-38.4580 -4.5878 0.7939 0.9531 0.2632 0.1567
-38.7405 -3.6107 1.3206 0.9551 0.2695 0.1677
-37.7176 -4.6565 2.0000 0.9612 0.2761 0.1648
-38.1374 -5.8168 2.0992 0.9517 0.2739 0.1555
-39.0076 -5.2443 1.3817 0.9507 0.2695 0.1604
-38.1221 -4.0687 0.9924 0.9468 0.2778 0.1636
-39.2137 -4.9389 1.3511 0.9570 0.2644 0.1584
-1 -1 -1 -1 -1 -1
-39.5802 -5.0458 1.5725 0.9590 0.2705 0.1658
-38.2672 -3.8244 1.4885 0.9546 0.2742 0.1572
-36.5573 -1.4733 0.9008 0.9541 0.2771 0.1626
-38.7786 -4.9008 1.9542 0.9475 0.2869 0.1614
-39.8931 -5.8550 2.4656 0.9478 0.2832 0.1587
-1 -1 -1 -1 -1 -1
-38.1679 -5.1908 2.5115 0.9482 0.2732 0.1604
-38.6870 -5.2443 2.4656 0.9536 0.2764 0.1541
-38.3206 -5.3893 2.3740 0.9575 0.2673 0.1472
-1 -1 -1 -1 -1 -1
-1 -1 -1 -1 -1 -1
-1 -1 -1 -1 -1 -1
-1 -1 -1 -1 -1 -1
-1 -1 -1 -1 -1 -1
-31.2137 -18.9237 0.9847 0.9482 0.2397 0.1431
-9.2519 -36.8168 17.7634 0.9861 0.3186 0.0835
-27.9695 -19.6489 16.1985 0.9922 0.1926 -0.0415
-36.8473 -21.4504 15.9847 0.8992 0.2273 -0.0115
-26.9084 -33.7481 24.9542 1.0054 0.1221 -0.0454
-18.6260 -78.1374 33.5954 1.0266 0.0867 0.0049
-39.8168 -41.6412 45.0458 1.0188 0.2241 -0.3164
-78.9542 14.3893 79.5725 1.4150 -0.0723 -0.2058
147.1603 42.5725 24.0611 0.7461 0.6506 -0.2700
-35.2137 -59.0153 -75.7634 0.8162 0.7434 -0.1833
-34.0534 -26.3206 -100.1298 0.9998 -0.1399 -0.0313
-67.7176 53.1450 -87.5954 1.1172 -0.3521 -0.1655
37.5496 16.8626 104.0229 1.9999 -1.9624 -1.5825
-17.1527 50.6947 9.7176 0.9280 0.1182 -0.0457
-85.8473 22.2290 25.7939 0.8845 0.0762 0.1411
-53.5191 -27.9924 9.7252 1.0356 0.1733 0.0710
-34.2748 -6.7023 6.7786 1.0002 0.2073 0.0630
-46.1908 3.0534 3.6031 0.9780 0.2290 0.0852
-36.7099 -5.0153 3.5954 0.9707 0.2114 0.0823
-38.2290 -4.7786 2.3053 0.9683 0.2273 0.0950
-40.0000 -3.5954 1.7939 0.9741 0.2070 0.0942
-36.8931 -2.2290 1.7328 0.9800 0.2036 0.0964
-39.2672 -2.2977 1.9389 0.9797 0.2080 0.1089
-36.7863 -2.3588 0.8550 0.9719 0.2095 0.1182
-35.4656 -3.4275 1.5954 0.9622 0.2202 0.1135
-23.5573 -2.1450 2.2901 0.9819 0.2854 0.1245
-38.1527 -6.7252 2.5267 0.9685 0.2209 0.1099
-41.4504 -7.5573 2.2443 0.9761 0.2083 0.1099
-38.3893 -5.2748 2.2290 0.9690 0.2175 0.1016
-39.9160 -5.7023 1.9237 0.9648 0.2151 0.1023
-38.8550 -5.9695 1.9008 0.9749 0.2124 0.1003
-38.9466 -6.8397 2.1374 0.9680 0.2148 0.0984
-1 -1 -1 -1 -1 -1
-38.6718 -6.0763 2.1832 0.9766 0.2197 0.0886
-39.6183 -6.2290 2.3206 0.9724 0.2112 0.0920
-39.3664 -5.5267 1.9695 0.9724 0.2170 0.0825
-1 -1 -1 -1 -1 -1
-1 -1 -1 -1 -1 -1
-1 -1 -1 -1 -1 -1
-1 -1 -1 -1 -1 -1
-1 -1 -1 -1 -1 -1
-39.5038 -3.4656 1.6870 0.9734 0.2131 0.0947
-26.8931 4.9389 -0.0382 0.9993 0.1926 0.1821
-30.4733 -11.7252 4.4580 0.9763 0.2129 0.1038
-1 -1 -1 -1 -1 -1
-36.3664 -12.2748 2.9389 0.9690 0.2231 0.0671
-36.3511 -13.5420 3.6947 0.9768 0.2158 0.0425
-39.3740 -8.3817 3.4427 0.9778 0.2036 0.0239
-1 -1 -1 -1 -1 -1
-24.6031 -19.1450 4.4885 0.9778 0.1934 -0.0088
-18.0763 -35.2824 8.3511 1.0120 0.1401 -0.0391
-16.4046 -45.1145 5.5802 0.9546 0.1047 -0.1008
19.9084 -2.2824 22.5802 1.0002 -0.3083 0.1086
-63.2901 46.3588 26.1679 0.9888 0.0225 -0.0291
-111.4809 45.2214 32.5802 0.9963 -0.0605 -0.1494
-45.7786 26.1221 20.5573 0.9622 0.2349 -0.0728
-83.5878 -34.6183 -34.8702 0.9773 0.4236 -0.4763
-59.6718 -16.4885 -23.8931 1.0005 0.0896 -0.0222
-39.7099 5.7557 -29.1756 0.9885 0.1003 0.0474
-44.3435 -13.0916 -23.8931 0.9656 0.1401 0.0554
-48.9237 -7.4122 -20.9466 0.9797 0.1755 0.0315
-46.9237 -4.9618 -14.0916 0.9604 0.2810 0.0623
-47.4962 -5.1908 -2.3588 0.9622 0.2627 0.0505
-36.3282 -8.7863 0.3969 0.9578 0.2517 0.0686
-28.9618 -11.4122 2.0153 0.9795 0.2581 0.0432
-31.7863 -9.1298 1.9542 0.9651 0.2561 0.0195
-20.9160 -15.6031 8.2824 0.9634 0.2358 0.0322
-0.3817 -60.1756 9.7328 0.9814 0.2185 -0.0007
13.8702 -33.4427 -12.2519 1.1667 0.1057 -0.1064
-30.4351 -32.3359 12.0916 0.8140 0.3804 -0.3660
-66.8779 66.3435 39.6641 0.9338 0.0874 -0.1067
-118.4275 22.8550 -2.6718 1.0093 0.3591 0.3335
-61.7481 27.4656 -7.7939 0.9951 0.0552 -0.0286
-23.2595 19.3511 -9.2824 0.9878 0.0144 0.0496
-53.5191 21.9313 -2.6794 0.9978 0.0808 0.0234
-40.2443 -11.6947 4.5191 0.9753 0.1421 0.1423
-40.3053 -1.7557 0.4198 1.0059 0.1541 0.0437
-45.8397 -3.7863 -1.5191 0.9861 0.1709 0.1282
-37.8702 -2.8779 -1.3740 0.9807 0.1655 0.0933
-31.1756 -0.2672 0.4580 0.9668 0.1621 0.0720
-41.3893 -3.6260 -0.2977 0.9768 0.1826 0.1052
-38.9084 -5.0992 0.2595 0.9819 0.1882 0.1064
-40.2443 -5.3130 1.7939 0.9780 0.1895 0.1050
-39.2672 -5.1527 2.0382 0.9800 0.1899 0.0989
-38.6336 -4.5115 2.6031 0.9751 0.1870 0.1062
-38.6565 -3.4580 2.4427 0.9741 0.1956 0.0891
-38.6336 -2.9237 3.4275 0.9727 0.1887 0.1052
-38.9313 -0.3969 4.4733 0.9751 0.1814 0.1062
-34.7176 4.0000 7.7557 0.9905 0.1729 0.1221
-18.4504 18.9313 17.5344 1.0103 0.1523 0.1072
-39.0992 32.9542 9.1985 0.9727 0.2388 0.1970
-44.4351 5.7176 7.4122 0.9780 0.1577 0.2402
-42.2748 10.7328 4.0534 0.9353 0.1191 0.2869
-44.7939 -3.3053 4.6489 0.9539 0.1436 0.3125
-40.8931 -3.6718 0.9084 0.9568 0.1218 0.3042
-37.9924 -6.9466 1.3053 0.9385 0.1204 0.3049
-40.9771 -7.5038 0.8855 0.9629 0.1138 0.3027
-38.9618 -7.3740 1.3893 0.9536 0.1289 0.2881
-38.1145 -6.7710 0.7786 0.9526 0.1204 0.2844
-38.0153 -6.7481 0.9695 0.9565 0.1279 0.2864
-38.4656 -7.1145 1.1298 0.9626 0.1250 0.2820
-40.7176 -7.0611 1.1145 0.9666 0.1301 0.2629
-39.1145 -6.3817 1.5496 0.9668 0.1299 0.2695
-37.5725 -5.7252 2.0076 0.9626 0.1287 0.2671
-38.2519 -5.4656 1.9237 0.9612 0.1287 0.2739
-39.0763 -5.0076 1.5344 0.9617 0.1367 0.2673
-38.5496 -4.9618 1.6260 0.9629 0.1372 0.2625
-38.2977 -4.7939 1.6794 0.9678 0.1292 0.2673
-1 -1 -1 -1 -1 -1