-1 -1 -1 -1 -1 -1
-1 -1 -1 -1 -1 -1
-1 -1 -1 -1 -1 -1
-1 -1 -1 -1 -1 -1
-1 -1 -1 -1 -1 -1
-1 -1 -1 -1 -1 -1
-1 -1 -1 -1 -1 -1
-1 -1 -1 -1 -1 -1
-1 -1 -1 -1 -1 -1
-1 -1 -1 -1 -1 -1
-2.7786 6.0458 -5.3053 0.8618 0.8733 0.1716
0.6718 4.6718 -6.5115 0.8643 0.8706 0.1736
-1.1374 4.6183 -8.1832 0.8640 0.9033 0.1628
0.3359 5.5038 -10.2977 0.8625 0.8831 0.1665
-0.2214 11.5649 -12.0229 0.8467 0.8823 0.1807
1.8550 19.4275 -13.2748 0.8689 0.9443 0.1597
2.9466 11.2366 -1.5038 0.8486 0.9890 0.2354
-5.5267 14.4962 7.9924 0.8354 0.9114 0.2395
-3.8702 8.5573 7.9542 0.8188 0.9534 0.2715
-5.2977 11.5496 15.3282 0.8411 0.8914 0.2864
-20.0534 56.8550 47.9313 0.9124 0.6987 0.1113
-67.5267 75.9389 -13.1756 1.0239 1.2393 0.2859
41.9618 -83.9160 -34.0916 0.8850 0.7114 -0.1260
-18.2595 -121.9542 -32.9466 1.0471 0.6807 -0.1560
43.7710 -120.2137 -0.1450 0.8733 0.7188 0.1375
-9.5420 -25.4962 -1.7634 0.7190 0.8279 0.5742
9.6336 94.9466 -6.4504 1.3945 1.2524 -0.0374
-9.4656 41.4275 -29.3053 0.8955 0.9331 0.2373
6.8931 28.6260 -10.9466 0.8870 0.8594 0.1365
5.4504 36.5878 -2.3817 0.9062 0.8013 0.3438
9.2824 15.0382 5.7328 0.8511 0.8577 0.2219
-8.7863 1.4504 7.2061 0.8447 0.8652 0.2598
-18.0153 -13.0992 7.4122 0.8979 0.8535 0.2483
-48.6641 1.8779 -15.8321 0.8933 1.0020 -0.0168
27.9618 -6.0611 -12.3969 0.8049 0.7222 0.2786
-33.0382 7.4504 -16.1145 0.8596 0.7424 0.1289
-0.8855 -6.2977 -2.2595 0.9050 0.8105 -0.0376
3.8855 -23.4122 -1.1450 0.8137 0.7014 0.1353
12.8015 34.3893 -6.1450 0.5579 0.9758 0.5613
38.0076 23.8092 -16.3282 0.9614 0.7383 0.1011
0.0916 20.1908 -12.5344 0.8311 0.8586 0.2725
10.7023 19.0763 -7.2519 0.8328 0.9155 0.2715
22.0687 6.7099 -6.3206 0.7954 0.9363 0.3340
-3.8321 3.1221 -2.3588 0.8179 0.9319 0.3057
6.3053 -5.8626 5.4427 0.8408 0.9062 0.2751
-14.7939 2.6260 3.5802 0.8018 0.8630 0.2739
-12.6794 0.0305 -8.2595 0.8096 0.8721 0.3267
-1.6107 -11.4809 -10.5038 0.8564 0.8857 0.3530
-26.9847 10.9847 0.6336 0.8115 0.8276 0.2563
4.1679 5.7481 -2.7939 0.8906 1.0884 0.1299
-10.9924 2.7405 -10.6107 0.8186 0.8740 0.2754
23.4427 -19.6947 -1.0458 0.7954 0.9705 0.2886
5.6412 9.3359 -3.2519 0.8938 0.8538 0.2622
8.4427 9.4885 4.0229 0.8281 0.8525 0.3018
-15.1450 5.7863 -11.5191 0.8345 0.8259 0.2754
-1.5267 7.4275 -1.6031 0.8362 0.8721 0.2974
-2.1908 7.1069 -2.7099 0.8284 0.8467 0.3083
2.7176 6.7405 -1.4198 0.8250 0.8274 0.3071
11.8626 5.1527 -0.7176 0.8123 0.8501 0.3213
18.7786 4.1298 -0.0687 0.8333 0.8345 0.3181
16.1527 -1.4275 -1.7328 0.7883 0.8735 0.3169
-1 -1 -1 -1 -1 -1
12.5115 -2.5649 -4.8779 0.8396 0.8701 0.3000
6.5115 3.1221 -4.8550 0.8367 0.8770 0.3025
4.3435 -0.1679 -3.6794 0.8250 0.8708 0.2981
4.4351 1.4351 -2.7099 0.8374 0.8750 0.2952
1.9847 1.2595 -3.1527 0.8279 0.8804 0.2932
-1 -1 -1 -1 -1 -1
-1 -1 -1 -1 -1 -1
-1 -1 -1 -1 -1 -1
-1 -1 -1 -1 -1 -1
-1 -1 -1 -1 -1 -1
-1 -1 -1 -1 -1 -1
-1 -1 -1 -1 -1 -1
-1 -1 -1 -1 -1 -1
-1 -1 -1 -1 -1 -1
-1 -1 -1 -1 -1 -1
-1 -1 -1 -1 -1 -1
-1 -1 -1 -1 -1 -1
-1 -1 -1 -1 -1 -1
-1 -1 -1 -1 -1 -1
-1 -1 -1 -1 -1 -1
-1 -1 -1 -1 -1 -1
-1 -1 -1 -1 -1 -1
-1 -1 -1 -1 -1 -1
-1 -1 -1 -1 -1 -1
-1 -1 -1 -1 -1 -1
-1 -1 -1 -1 -1 -1
-1 -1 -1 -1 -1 -1
-1 -1 -1 -1 -1 -1
-1 -1 -1 -1 -1 -1
-1 -1 -1 -1 -1 -1
-1 -1 -1 -1 -1 -1
-1 -1 -1 -1 -1 -1
-1 -1 -1 -1 -1 -1
-1 -1 -1 -1 -1 -1
-1 -1 -1 -1 -1 -1
-1 -1 -1 -1 -1 -1
-1 -1 -1 -1 -1 -1
-1 -1 -1 -1 -1 -1
-1 -1 -1 -1 -1 -1
-1 -1 -1 -1 -1 -1
-1 -1 -1 -1 -1 -1
-1 -1 -1 -1 -1 -1
-1 -1 -1 -1 -1 -1
-1 -1 -1 -1 -1 -1
-1 -1 -1 -1 -1 -1
-1 -1 -1 -1 -1 -1
-1 -1 -1 -1 -1 -1
3.8550 -1.1374 2.3435 0.8616 0.9534 0.2310
0.5191 -6.3282 8.5725 0.8503 0.9146 0.2354
-2.6947 -21.7634 13.9237 0.8525 0.8782 0.2026
-0.5038 -37.2137 14.0763 0.8860 0.8665 0.0837
43.5344 -49.6489 14.7176 0.8501 0.8167 0.0042
48.3969 -48.3664 30.6107 0.9094 0.7947 -0.0913
5.3740 -10.2824 71.4351 0.9243 0.7253 -0.1775
0.3740 22.3053 59.8321 1.6487 0.3625 0.3296
72.9160 53.4046 33.5878 0.5825 1.2451 -0.1145
-43.6565 11.0458 -59.2290 0.6455 0.8879 0.0181
-30.9466 11.7634 -71.3435 0.8911 0.7053 -0.0308
-103.8931 31.3664 -102.1756 1.0303 0.5693 -0.1177
12.6412 33.0687 -80.8550 0.9270 0.4219 -0.2444
35.6260 23.9618 -15.5649 0.8320 0.3467 -0.1743
45.0992 29.6336 10.0534 0.8828 0.6255 -0.1094
39.2748 20.9237 6.1985 1.0527 0.2969 -0.0947
5.7023 23.8779 3.9542 0.7490 1.0159 0.2217
-2.2519 11.7863 -0.7328 0.8015 0.9727 0.2869
6.2977 6.8397 -1.4962 0.7974 0.9636 0.3123
4.7481 1.6947 -0.9924 0.8162 0.9458 0.2900
4.9695 -4.7481 -0.9695 0.8110 0.9233 0.2712
2.9084 -0.3740 -0.4046 0.8247 0.9353 0.2825
3.9084 -2.0229 -1.2977 0.8347 0.9382 0.2888
6.5649 -0.3282 0.3282 0.8447 0.9343 0.2690
2.6260 1.2672 -1.0229 0.8215 0.9343 0.2786
-1 -1 -1 -1 -1 -1
-1 -1 -1 -1 -1 -1
-1 -1 -1 -1 -1 -1
-1 -1 -1 -1 -1 -1
-1 -1 -1 -1 -1 -1
-1 -1 -1 -1 -1 -1
-1 -1 -1 -1 -1 -1
-1 -1 -1 -1 -1 -1
-1 -1 -1 -1 -1 -1
-1 -1 -1 -1 -1 -1
-1 -1 -1 -1 -1 -1
-1 -1 -1 -1 -1 -1
-1 -1 -1 -1 -1 -1
-1 -1 -1 -1 -1 -1
-9.1603 -29.7863 -22.8550 1.1372 0.6855 0.2095
85.7176 -22.0763 51.7863 0.8940 0.0740 -0.0815
-13.2595 24.3282 115.1145 0.8325 0.5132 0.0601
-25.2672 44.4198 113.8397 1.1108 0.7859 0.0554
-16.7557 22.3359 66.4198 0.7058 0.9199 -0.1104
-1 -1 -1 -1 -1 -1
-36.9466 -34.2672 -53.9924 0.5894 0.8577 -0.0920
57.4275 38.1603 -62.7634 1.4299 0.3245 0.5168
-17.4733 20.4656 -78.4886 0.8625 0.6218 -0.0364
-4.3893 44.1985 -51.1832 0.8491 0.6741 0.0791
11.0153 31.1450 -38.6947 0.8596 0.7373 0.1721
5.2748 22.8626 -26.7863 0.8699 0.6902 0.1943
13.2137 18.8855 -24.7252 0.8494 0.7864 0.2195
21.5114 13.3511 -13.9084 0.8250 0.9253 0.2646
17.3053 -8.3206 -8.0611 0.7612 0.9487 0.2891
6.9771 -9.2977 -8.0000 0.8472 0.8894 0.2598
1.4733 -0.3817 -1.5802 0.8779 0.8833 0.2126
-6.5802 4.0992 -2.2595 0.8342 0.9417 0.2813
5.8779 6.0687 -0.0763 0.8904 0.8862 0.2219
9.9313 5.2214 4.3206 0.8250 0.9106 0.2642
-2.1450 -1.9771 -5.0153 0.8486 0.9272 0.2373
4.7481 1.6260 -0.8855 0.8398 0.9043 0.2637
3.1221 1.7557 -2.7099 0.8337 0.9099 0.2305
1.7710 2.9389 -2.5878 0.8472 0.9031 0.2390
2.9542 2.0916 -2.8702 0.8450 0.9004 0.2407
1.9695 2.8779 -2.8244 0.8418 0.9089 0.2329
-1 -1 -1 -1 -1 -1
-1 -1 -1 -1 -1 -1
-1 -1 -1 -1 -1 -1
-1 -1 -1 -1 -1 -1
-1 -1 -1 -1 -1 -1
-1 -1 -1 -1 -1 -1
-1 -1 -1 -1 -1 -1
-1 -1 -1 -1 -1 -1
-1 -1 -1 -1 -1 -1
-1 -1 -1 -1 -1 -1
-1 -1 -1 -1 -1 -1
-1 -1 -1 -1 -1 -1
-1 -1 -1 -1 -1 -1
-1 -1 -1 -1 -1 -1
-1 -1 -1 -1 -1 -1
-1 -1 -1 -1 -1 -1
-2.1069 -3.7939 -13.8321 0.8552 0.8147 0.1963
4.4580 -14.9542 -5.5496 0.8394 0.9685 0.1829
-3.4962 -14.8015 6.9160 0.8972 0.9292 0.1279
-2.6260 -4.2519 15.9313 0.8718 0.8811 0.1729
3.3130 -19.8168 16.8321 0.8582 0.8069 0.1340
11.2595 -37.6947 24.5038 0.8782 0.8054 0.0645
34.7863 -39.3053 33.1145 0.8718 0.8086 -0.0085
29.1908 -32.9771 56.0305 0.9104 0.7227 -0.0339
-45.1603 15.9466 87.5038 1.6968 0.3889 0.2002
174.8092 81.0458 54.7634 0.8030 1.1208 0.0864
-31.7710 -10.1832 -81.2824 0.5593 0.8948 -0.1018
24.5191 -29.9771 -82.3740 0.8225 0.5044 0.1284
-39.4885 -19.4504 -61.7099 0.8711 0.3477 0.0637
27.2595 11.3359 -44.7710 0.8286 0.5054 -0.0618
-100.3359 36.7023 -45.4962 0.8472 0.7776 0.0056
-24.8015 24.9313 -18.2901 0.8977 0.7202 -0.0562
-24.9771 31.9847 9.0992 0.8682 0.5796 0.2153
10.6794 21.6794 6.5954 0.8679 1.1072 0.2329
17.5573 14.6031 -4.2977 0.9368 0.7078 0.0974
12.7939 11.9466 3.1908 0.8311 0.9026 0.2922
3.1832 -0.1908 -4.2366 0.8250 0.9194 0.2903
-0.6947 -1.3817 -6.9160 0.8467 0.9006 0.2397
1.4580 2.3664 -5.7481 0.8428 0.8906 0.2371
4.0076 2.8702 -4.0763 0.8406 0.9128 0.2405
2.7252 3.1450 -3.2519 0.8428 0.9189 0.2568
1.5725 4.0763 -2.7863 0.8445 0.9216 0.2471
3.0382 3.6794 -3.0153 0.8452 0.9165 0.2466
3.0992 3.1145 -4.0076 0.8406 0.9236 0.2490
-1 -1 -1 -1 -1 -1
-1 -1 -1 -1 -1 -1
-1 -1 -1 -1 -1 -1
-1 -1 -1 -1 -1 -1
-1 -1 -1 -1 -1 -1
-1 -1 -1 -1 -1 -1
-1 -1 -1 -1 -1 -1
-1 -1 -1 -1 -1 -1
-1 -1 -1 -1 -1 -1
-1 -1 -1 -1 -1 -1
-1 -1 -1 -1 -1 -1
-1 -1 -1 -1 -1 -1
-1 -1 -1 -1 -1 -1
-1 -1 -1 -1 -1 -1
23.5267 -58.1832 -13.4351 1.0713 0.8003 0.2344
49.2748 -19.5496 -33.8092 1.1013 0.4148 -0.0850
103.4733 6.9084 104.4580 0.8103 0.2009 0.0134
-54.5878 67.7405 123.2672 0.9185 0.5857 0.1055
-25.0534 69.7863 112.3359 0.9951 0.8643 -0.0015
-49.0992 -10.2748 21.0687 0.4949 0.9761 -0.1436
-66.6336 -46.3130 -55.4962 0.5034 0.7739 0.2688
137.4809 -33.4351 -78.2977 1.2207 0.7451 0.7224
-4.8321 -34.7328 -112.3664 0.9482 1.1865 -0.1067
-16.1832 49.1298 -43.7786 0.8770 0.7751 -0.0569
10.4427 47.8779 -35.7405 0.8718 0.7444 0.0488
-2.4427 33.6183 -26.9771 0.8823 0.7771 0.2605
-13.6107 9.3206 -20.0611 0.8640 0.8210 0.1951
-9.3740 12.8473 -10.9847 0.8662 0.9001 0.1753
-1 -1 -1 -1 -1 -1
6.5954 11.9847 4.8015 0.8787 0.9153 0.2068
14.6183 18.4885 2.7939 0.8323 0.9270 0.2439
8.5725 0.6336 0.1145 0.8325 0.8838 0.2417
3.4198 8.8702 -1.5267 0.8228 0.8608 0.2346
8.8015 6.8168 0.0229 0.8208 0.8801 0.2639
0.5573 1.8321 -4.3282 0.8323 0.8914 0.2476
2.2824 1.9618 -3.3817 0.8477 0.8826 0.2563
4.0229 3.9542 -2.0840 0.8411 0.8892 0.2512
3.8321 4.5191 -2.0534 0.8406 0.8853 0.2646
2.8931 3.0305 -2.4504 0.8381 0.8811 0.2646
-1 -1 -1 -1 -1 -1
-1 -1 -1 -1 -1 -1
-1 -1 -1 -1 -1 -1
-1 -1 -1 -1 -1 -1
-1 -1 -1 -1 -1 -1
-1 -1 -1 -1 -1 -1
-1 -1 -1 -1 -1 -1
-1 -1 -1 -1 -1 -1
-1 -1 -1 -1 -1 -1
-1 -1 -1 -1 -1 -1
-1 -1 -1 -1 -1 -1
-1 -1 -1 -1 -1 -1
-1 -1 -1 -1 -1 -1
1.0382 -13.9389 -7.6260 0.8257 0.9290 0.2417
-6.9847 -8.8855 6.9237 0.8433 0.9338 0.2046
3.1832 -7.9160 14.6794 0.8625 0.8752 0.1724
8.8473 -20.7176 15.1985 0.8494 0.8711 0.1658
5.6260 -40.5191 22.5802 0.8198 0.7959 0.0681
31.8244 -53.2519 31.5496 0.8750 0.7539 -0.0024
24.6565 -36.6107 57.5802 0.9248 0.7075 -0.0667
-71.9389 -3.6107 91.8092 1.6997 0.1895 0.2100
141.3435 81.0229 41.5344 0.8591 1.3191 0.0085
3.7634 -14.2366 -74.4657 0.6016 0.8469 -0.0974
17.4351 -19.2061 -91.8473 0.6980 0.1533 0.1626
-83.9008 12.0763 -82.6641 0.7903 0.4126 0.0366
-22.2137 44.7328 -44.5267 0.8672 0.6694 0.0051
-77.6260 43.1221 -45.9008 0.9573 0.4988 -0.0105
-7.9924 23.1450 -8.8626 0.8745 0.5310 0.0598
-7.7023 16.8550 7.9008 0.7920 0.7517 0.2351
20.8855 8.4351 8.1985 1.1182 0.8013 0.2893
3.7939 13.7634 -4.2672 0.8037 0.9766 0.3103
18.7023 7.0000 -6.0687 0.8435 0.9038 0.2229
6.4198 2.2290 -6.0229 0.8401 0.9004 0.2273
-1.9466 -0.2824 -7.8473 0.8496 0.8845 0.2495
0.8702 3.6870 -8.3282 0.8501 0.9250 0.2258
8.0382 5.3206 -3.5725 0.8384 0.9258 0.2449
3.2748 3.3206 -4.1298 0.8396 0.9404 0.2441
1.2214 2.8015 -2.9847 0.8474 0.9319 0.2390
-1 -1 -1 -1 -1 -1
-1 -1 -1 -1 -1 -1
-1 -1 -1 -1 -1 -1
-1 -1 -1 -1 -1 -1
-1 -1 -1 -1 -1 -1
-1 -1 -1 -1 -1 -1
-1 -1 -1 -1 -1 -1
-1 -1 -1 -1 -1 -1
-1 -1 -1 -1 -1 -1
-1 -1 -1 -1 -1 -1
3.9847 -12.2366 -1.0076 0.8157 0.9521 0.2527
25.6718 -45.0382 -10.2137 1.1372 0.7214 0.3818
68.2137 -32.1298 -4.0076 0.8569 0.3909 -0.1309
47.5573 -4.4122 85.6565 0.7529 0.2788 0.0554
-60.5344 54.8702 102.4657 1.0908 0.5925 0.2175
24.6489 47.6412 114.2061 0.9419 0.6169 0.0378
0.2214 -18.1679 51.0382 0.4600 0.6755 0.0500
-40.5573 -17.0916 2.1374 0.4951 0.8777 0.0986
-76.0763 -73.7328 -80.3664 1.9651 -0.6794 -1.4446
47.3740 15.5878 -64.7099 1.0803 0.6633 0.1987
-21.2137 53.1908 -53.9924 0.9138 0.7651 -0.0996
-5.9847 66.0305 -32.6794 0.8110 0.6824 0.0095
2.0763 33.4809 -36.3817 0.8494 0.7854 0.1489
0.8626 13.2290 -21.6183 0.8281 0.8960 0.1934
-8.4198 7.0382 -18.1527 0.8574 0.9075 0.1829
3.1603 7.0840 -9.3588 0.8540 0.8892 0.2041
-2.4733 12.4580 -3.7710 0.8816 0.8760 0.1995
23.9466 6.3740 3.4351 0.7734 0.8628 0.2175
7.1298 8.2290 -1.5725 0.8667 0.8977 0.2310
6.5878 9.1069 -0.9389 0.8425 0.8950 0.2559
6.7328 1.7023 -1.7023 0.8245 0.8853 0.2600
2.1756 1.6870 -2.2748 0.8503 0.8896 0.2412
-1 -1 -1 -1 -1 -1
2.9924 3.9160 -2.6260 0.8494 0.8845 0.2402
1.0992 3.3664 -3.9008 0.8384 0.8999 0.2517
1.6412 1.5878 -3.4885 0.8481 0.8958 0.2532
-1 -1 -1 -1 -1 -1
-1 -1 -1 -1 -1 -1
-1 -1 -1 -1 -1 -1
-1 -1 -1 -1 -1 -1
-1 -1 -1 -1 -1 -1
-1 -1 -1 -1 -1 -1
-1 -1 -1 -1 -1 -1
-1 -1 -1 -1 -1 -1
-1 -1 -1 -1 -1 -1
-1 -1 -1 -1 -1 -1
-1 -1 -1 -1 -1 -1
0.4275 -11.1374 -4.7786 0.8372 0.8577 0.2268
-7.4427 -7.1908 -11.5115 0.8623 0.9585 0.1831
2.7634 -5.6183 8.4962 0.8633 0.8931 0.1931
-0.2443 -3.1679 17.6183 0.8528 0.8708 0.1655
1.6641 -17.5114 24.6947 0.8550 0.8342 0.1487
3.1527 -51.7176 24.7557 0.8586 0.7522 0.1167
40.1603 -73.3359 31.7710 0.8508 0.7900 -0.0613
-3.3435 -11.3664 82.8397 0.9988 0.6667 -0.1785
74.7405 57.9389 83.1985 1.2690 0.7512 0.6353
46.7557 42.4656 -35.6641 0.5464 1.1345 -0.1592
66.3740 -42.8931 -65.1756 0.8384 0.4893 -0.0613
-6.4809 -7.0382 -73.2443 0.8853 0.4763 0.1802
-56.0840 27.3206 -69.3970 0.9299 0.5229 0.0564
-72.3435 47.8168 -49.0382 0.9402 0.3672 0.0305
-44.1069 20.3740 -27.4809 0.8845 0.5247 -0.0669
5.0153 -0.3588 4.6947 0.8330 0.9121 -0.0081
27.0611 7.3053 2.7328 1.0305 0.6941 0.1506
-1 -1 -1 -1 -1 -1
17.2748 6.0000 -1.5267 0.8347 0.9131 0.2231
9.7939 4.5115 -3.2061 0.8442 0.8972 0.2219
3.2366 4.6565 -4.6336 0.8572 0.8840 0.2246
3.5496 3.3511 -6.1145 0.8518 0.8569 0.2375
1.2290 4.0763 -4.5115 0.8486 0.9111 0.2302
1.7939 3.2366 -3.5878 0.8459 0.9021 0.2336
2.5420 4.1450 -4.2672 0.8533 0.9011 0.2305
-1 -1 -1 -1 -1 -1
-1 -1 -1 -1 -1 -1
-1 -1 -1 -1 -1 -1
-1 -1 -1 -1 -1 -1
-1 -1 -1 -1 -1 -1
-1 -1 -1 -1 -1 -1
-1 -1 -1 -1 -1 -1
-1 -1 -1 -1 -1 -1
-1 -1 -1 -1 -1 -1
-1 -1 -1 -1 -1 -1
-1 -1 -1 -1 -1 -1
-1 -1 -1 -1 -1 -1
-1 -1 -1 -1 -1 -1
-1 -1 -1 -1 -1 -1
-1 -1 -1 -1 -1 -1
-11.6412 -32.8702 -13.1603 0.9617 0.7134 0.2012
79.7786 -22.9771 44.8779 1.0100 -0.0195 -0.1130
35.6947 5.6107 103.5573 0.9543 0.1414 0.1060
-14.0763 18.9160 115.1221 1.1438 0.6238 -0.0181
-4.6947 8.1298 93.2977 0.9197 0.5925 0.0293
-74.8702 -23.1908 10.7634 0.4495 0.9167 0.0854
-98.0763 -65.3664 -122.1450 0.6211 1.6851 0.0991
53.7176 -0.9008 -95.8473 1.8843 -0.0042 0.4648
-19.8855 -0.4351 -67.8855 1.1130 0.7402 0.2312
-11.4198 63.9084 -48.6412 0.9189 0.7625 -0.1230
5.3969 45.7557 -31.5954 0.8618 0.8386 0.0674
-6.4122 27.0840 -23.3740 0.8772 0.8633 0.1404
-1.8626 12.9237 -18.6565 0.8469 0.8901 0.1990
-1.0076 9.4351 -8.9695 0.8447 0.9260 0.1904
1.7786 12.7099 -0.2214 0.8857 0.9502 0.1743
-2.5725 12.6107 1.8931 0.8440 0.9001 0.2302
20.4656 -1.8779 4.2595 0.8162 0.8887 0.1909
6.4198 8.3740 -1.0305 0.8726 0.8962 0.2163
3.5115 0.5420 -1.4733 0.8418 0.8916 0.1987
-1 -1 -1 -1 -1 -1
2.3206 4.1527 -2.6565 0.8447 0.8840 0.2187
-1 -1 -1 -1 -1 -1
1.2977 5.8626 -5.8855 0.8374 0.9126 0.2075
-1 -1 -1 -1 -1 -1
-1 -1 -1 -1 -1 -1
-1 -1 -1 -1 -1 -1
-1 -1 -1 -1 -1 -1
-1 -1 -1 -1 -1 -1
-1 -1 -1 -1 -1 -1
-1 -1 -1 -1 -1 -1
-1 -1 -1 -1 -1 -1
-1 -1 -1 -1 -1 -1
-1 -1 -1 -1 -1 -1
-1 -1 -1 -1 -1 -1
-1 -1 -1 -1 -1 -1
1.5267 -8.1908 -3.9008 0.8357 0.8916 0.2231
11.4351 -14.0229 -4.5573 0.8379 0.8904 0.1582
-2.8473 -7.7176 7.0153 0.8894 0.9814 0.1802
1.6183 1.3817 20.9313 0.8567 0.9048 0.1377
4.0840 -18.8397 24.7328 0.8245 0.8145 0.1812
6.1603 -49.2137 26.8321 0.8591 0.7471 0.0688
29.2672 -72.6031 39.7481 0.8640 0.7925 -0.0679
-21.5344 -14.8931 90.5344 1.0503 0.7329 -0.1965
99.4580 66.1985 84.8626 0.8643 0.6655 0.4556
26.2672 45.4962 -40.0458 0.5562 1.2024 -0.1665
70.3435 -18.0382 -69.5267 0.8547 0.3911 0.1357
-31.6947 0.0076 -67.6107 0.8542 0.3296 -0.0232
-77.0000 14.8168 -60.6489 0.8972 0.4602 -0.0054
-33.8779 30.3588 -36.0916 0.8782 0.4890 -0.1211
-16.5191 7.2214 -25.1832 0.9014 0.5881 -0.0208
-2.9695 22.0687 -9.3893 0.8494 0.8062 0.1292
6.3588 2.5496 6.1450 0.7781 0.8047 0.0774
5.7786 18.0763 4.3130 1.0769 0.8779 0.3262
8.5725 15.0611 -6.9160 0.7891 1.0127 0.2629
8.9389 5.7328 -3.7710 0.8408 0.9143 0.2139
10.4733 2.2061 -4.2824 0.8638 0.9033 0.2080
3.1374 0.4504 -5.5115 0.8459 0.8972 0.2039
4.3206 3.1908 -3.6794 0.8560 0.9104 0.1968
2.5344 2.8626 -3.2977 0.8579 0.9155 0.2048
3.2519 3.3511 -2.0534 0.8557 0.9050 0.2114
2.2061 3.0763 -2.6183 0.8528 0.9060 0.1985
1.9924 3.5191 -3.3053 0.8469 0.9031 0.2068
-1 -1 -1 -1 -1 -1
-1 -1 -1 -1 -1 -1
-1 -1 -1 -1 -1 -1
-1 -1 -1 -1 -1 -1
-1 -1 -1 -1 -1 -1
-1 -1 -1 -1 -1 -1
-1 -1 -1 -1 -1 -1
-1 -1 -1 -1 -1 -1
-1 -1 -1 -1 -1 -1
-1 -1 -1 -1 -1 -1
-1 -1 -1 -1 -1 -1
-36.1069 -19.0076 -5.9771 1.0657 0.7285 0.2434
26.8244 -25.2672 22.8779 0.9573 -0.0874 -0.2126
43.4046 -26.5649 96.9084 0.8679 0.1758 -0.0398
0.1603 21.8473 112.5344 1.0698 0.6680 0.1382
35.1069 39.0305 90.1908 0.7688 1.0391 -0.0237
16.9466 -15.1985 33.4809 0.5103 0.5366 0.1348
-58.6794 -8.6565 -26.6412 0.6138 0.8232 0.0481
84.0000 -51.9847 -73.8168 0.4299 0.4580 -1.0212
-3.6412 -32.5344 -96.7863 0.9329 0.9099 -0.1431
-28.7634 58.0992 -35.0229 0.8501 0.6692 -0.0623
-6.6107 47.7328 -41.9237 0.7876 0.9661 0.0791
-7.4656 25.7099 -31.8855 0.8293 0.8115 0.1831
-7.5649 8.3588 -23.0763 0.8667 0.8123 0.1343
5.0534 14.9771 -12.0992 0.8618 0.8818 0.1694
17.9695 10.0992 3.5115 0.8950 0.8611 0.2102
9.5649 8.9466 0.6489 0.8535 0.8230 0.1191
9.5420 8.1756 1.1679 0.8623 0.8469 0.1934
7.7328 -0.5420 -0.9008 0.8577 0.8660 0.1975
4.6031 2.9618 -3.5802 0.8389 0.8525 0.2256
3.9237 2.2443 -5.9313 0.8494 0.8582 0.2043
9.4580 5.1908 -5.9924 0.8513 0.8770 0.2180
4.3206 4.1603 -5.6336 0.8494 0.8770 0.2205
-1 -1 -1 -1 -1 -1
-1 -1 -1 -1 -1 -1
-1 -1 -1 -1 -1 -1
-1 -1 -1 -1 -1 -1
-1 -1 -1 -1 -1 -1
-1 -1 -1 -1 -1 -1
-1 -1 -1 -1 -1 -1
-1 -1 -1 -1 -1 -1
-1 -1 -1 -1 -1 -1
-1 -1 -1 -1 -1 -1
10.3740 -1.8244 -3.7405 0.8787 0.8699 0.1841
10.2672 -7.5496 0.1832 0.8259 0.9438 0.2063
0.1069 -7.2366 14.6641 0.8494 0.9070 0.1938
-9.7099 -13.6718 18.6718 0.8792 0.8437 0.1350
-2.4275 -20.9847 25.5725 0.8745 0.7642 0.1370
1.3588 -25.5038 37.3053 0.7915 0.7820 0.1018
-0.2290 -35.9542 54.3435 0.8813 0.6387 0.0134
-8.9160 -29.7634 72.0687 1.2896 0.5042 0.0952
83.8473 54.3282 73.5115 0.6265 0.6096 0.5654
70.4809 0.9542 -44.5420 0.6016 0.6208 -0.1863
15.5954 -26.5038 -50.9389 0.7622 0.4082 -0.0164
-110.4046 6.0611 -75.2137 0.8318 0.6641 -0.0698
-20.7252 38.8244 -68.9160 0.8840 0.6052 -0.0825
-28.4275 33.1679 -56.7099 0.8997 0.4292 -0.1943
-6.3282 49.3817 -20.5573 0.8162 0.4758 0.1670
34.1679 7.2519 3.1221 0.8706 0.8413 0.0513
15.1679 7.6260 -1.6107 0.9922 0.5986 0.0574
0.1679 11.2748 -0.4122 0.8508 0.9539 0.2344
3.9466 8.1221 -1.3588 0.8394 0.9360 0.2520
4.4198 1.3893 -1.6183 0.8428 0.9321 0.2415
2.0534 3.5038 -2.7481 0.8418 0.9116 0.2432
4.1069 5.3740 -2.9466 0.8489 0.9089 0.2378
5.0840 3.2901 -3.0076 0.8401 0.8972 0.2373
4.3130 3.4656 -3.8168 0.8523 0.8982 0.2451
3.2901 3.2061 -3.7481 0.8406 0.9094 0.2405
2.3206 3.0916 -3.3282 0.8394 0.9131 0.2480
-1 -1 -1 -1 -1 -1
-1 -1 -1 -1 -1 -1
-1 -1 -1 -1 -1 -1
-1 -1 -1 -1 -1 -1
-1 -1 -1 -1 -1 -1
-1 -1 -1 -1 -1 -1
-1 -1 -1 -1 -1 -1
-1 -1 -1 -1 -1 -1
-1 -1 -1 -1 -1 -1
-1 -1 -1 -1 -1 -1
-4.0458 -40.0153 -0.0687 0.8425 0.8801 0.3118
45.9847 -44.5420 -45.3817 1.2285 0.5579 -0.0667
123.3206 -51.1221 70.0763 0.7754 0.0962 -0.4265
7.0305 35.3969 123.0763 0.8298 0.4778 0.1375
-11.7939 69.9084 112.6641 1.1016 0.7493 0.0676
6.0153 22.7176 58.9313 0.6123 0.8723 -0.2136
-28.7863 -41.0840 -5.6260 0.5635 0.7759 0.2104
37.5649 -11.1603 -70.1679 1.9999 -0.0898 -0.0894
-36.2748 -2.8931 -90.5115 1.7542 0.2595 0.2502
-14.5496 36.7939 -59.7863 0.8806 0.7083 0.0264
14.3893 41.7710 -47.4733 0.8552 0.7888 0.0942
-1.7481 71.0458 -38.4809 1.1506 0.8354 0.7488
26.3130 26.4046 -14.2290 0.7861 0.9929 0.3176
9.7405 14.9771 -0.8626 0.7856 0.9563 0.2397
-16.3130 -1.8626 -13.1221 0.7515 0.9292 0.2820
-6.2748 -0.9389 -17.0305 0.8513 0.9729 0.3081
-6.6260 2.4809 -10.3740 0.8384 0.9963 0.2813
-3.9008 8.4427 -1.5496 0.8252 0.9985 0.2939
-13.5878 -11.6336 -6.1145 0.7192 1.0349 0.2917
-7.6412 -12.0534 -3.5191 0.9248 0.7852 0.1990
2.7252 -2.1832 1.6641 0.8584 0.9460 0.2346
1.6718 2.3664 -0.2443 0.8521 0.9250 0.2224
5.9160 1.5267 1.6947 0.8413 0.9314 0.2351
1.1756 1.5496 -1.7634 0.8450 0.9231 0.2275
4.1450 2.2061 -2.5954 0.8445 0.9150 0.2197
5.4885 3.5573 -2.7405 0.8401 0.9211 0.2283
2.3817 2.8855 -2.9313 0.8425 0.9292 0.2319
1.7481 2.4122 -2.9389 0.8462 0.9260 0.2192
2.3053 3.7176 -2.4275 0.8462 0.9292 0.2156
-1 -1 -1 -1 -1 -1
3.0763 3.6412 -1.8931 0.8418 0.9221 0.2305
-1 -1 -1 -1 -1 -1
-1 -1 -1 -1 -1 -1
-1 -1 -1 -1 -1 -1
-1 -1 -1 -1 -1 -1
-1 -1 -1 -1 -1 -1
-1 -1 -1 -1 -1 -1
-1 -1 -1 -1 -1 -1
-1 -1 -1 -1 -1 -1
-1 -1 -1 -1 -1 -1
-1 -1 -1 -1 -1 -1
13.1756 -13.4198 3.3435 0.8386 0.9131 0.2200
-9.2137 -2.7939 7.0763 0.9531 0.9409 0.2239
2.3893 1.3817 19.4580 0.8635 0.8938 0.1719
2.7863 -13.0382 20.4122 0.8381 0.8318 0.1611
3.1221 -46.3282 20.5191 0.8540 0.8411 0.1479
35.1221 -64.8015 30.1374 0.8774 0.8010 -0.0305
8.7939 -32.7023 75.3588 0.9426 0.6858 -0.1453
-11.4275 59.4275 119.2366 1.3188 -1.4016 0.2493
80.4962 54.7710 -21.2824 0.9839 1.3452 -0.6985
36.3969 -36.3435 -68.6718 0.5906 0.4666 0.0146
-19.2901 -25.6794 -89.5802 0.8809 0.4685 0.1270
-22.9695 8.3206 -68.1756 0.8459 0.4907 0.1548
-90.2595 31.7252 -48.1069 0.8828 0.6274 0.1147
-71.4657 38.7176 -41.2901 0.8977 0.6467 0.0796
-31.3969 27.2672 -22.6107 0.8699 0.7769 0.1235
-29.1298 11.5649 -4.6336 0.8030 0.6091 0.0991
-13.5038 22.3130 3.0840 1.0083 1.0654 0.5513
0.0229 18.6489 -6.1756 0.7004 1.0317 0.2288
5.6947 5.9237 -7.9695 0.8391 0.9106 0.2908
10.1298 3.6031 -2.4198 0.8552 0.8586 0.2788
4.0611 -1.3511 -6.2366 0.8323 0.9241 0.2732
-1.0611 2.0916 -2.9695 0.8164 0.9299 0.2698
5.0534 -0.0153 0.8473 0.8354 0.9304 0.2656
5.4962 0.8168 -0.4885 0.8433 0.9336 0.2668
3.3740 3.1298 -2.5802 0.8369 0.9287 0.2563
3.3435 2.6565 -2.7710 0.8354 0.9175 0.2502
-1 -1 -1 -1 -1 -1
-1 -1 -1 -1 -1 -1
-1 -1 -1 -1 -1 -1
-1 -1 -1 -1 -1 -1
-1 -1 -1 -1 -1 -1
-1 -1 -1 -1 -1 -1
-1 -1 -1 -1 -1 -1
-1 -1 -1 -1 -1 -1
-1 -1 -1 -1 -1 -1
-1 -1 -1 -1 -1 -1
-1 -1 -1 -1 -1 -1
-1 -1 -1 -1 -1 -1
-8.4809 -31.3282 -10.6565 1.0208 0.6875 0.1353
90.0534 -48.6870 27.6870 1.0073 0.1428 -0.1506
55.1069 -12.0916 98.1908 0.8945 0.2444 0.0500
1.8931 40.7405 122.7481 1.1038 0.6345 0.1992
-54.7176 59.3359 89.8244 0.8115 1.0417 0.0808
-54.6870 -20.7405 18.2061 0.5249 0.7329 -0.0154
-55.8702 -21.4046 -32.8855 0.6064 0.8489 0.0640
121.1603 -34.5420 -87.0534 0.6028 0.2229 -0.0337
-30.7557 -8.4809 -106.9237 0.8494 1.0083 -0.2546
-5.3359 46.9924 -53.2748 0.8987 0.6746 0.0225
18.5191 36.9084 -42.9542 0.8821 0.8337 0.1270
7.7023 50.5878 -22.2595 0.7859 0.8672 0.0911
-5.7023 9.6565 -12.9924 0.8313 0.8557 0.1670
-6.3817 14.4962 -13.1374 0.9077 0.9106 0.2478
-4.9160 15.0611 -10.3206 0.8433 0.9407 0.2332
2.4580 13.3435 0.4885 0.8328 0.9656 0.3022
6.7557 -2.9160 -2.5115 0.8445 0.8699 0.2805
-1.8321 4.3740 -4.6107 0.8879 0.9331 0.2319
10.7863 0.6489 -0.1145 0.8286 0.9097 0.2515
3.2061 1.6947 -1.7328 0.8474 0.9092 0.2305
-1 -1 -1 -1 -1 -1
3.0687 4.2137 -2.1374 0.8413 0.9148 0.2603
2.6336 4.6107 -2.3893 0.8418 0.9023 0.2473
2.3969 3.0916 -3.3664 0.8374 0.9106 0.2524
3.3511 4.1756 -2.4198 0.8403 0.9089 0.2576
-1 -1 -1 -1 -1 -1
-1 -1 -1 -1 -1 -1
-1 -1 -1 -1 -1 -1
-1 -1 -1 -1 -1 -1
-1 -1 -1 -1 -1 -1
-1 -1 -1 -1 -1 -1
-1 -1 -1 -1 -1 -1
-1 -1 -1 -1 -1 -1
-1 -1 -1 -1 -1 -1
-1 -1 -1 -1 -1 -1
4.8855 -14.0153 -6.0153 0.8247 0.9602 0.2563
-5.0458 -3.3206 7.0076 0.8459 0.8875 0.2148
1.2595 -5.2672 16.0611 0.8401 0.8989 0.2141
3.8397 -22.8550 21.2366 0.8491 0.8203 0.2046
-1.4122 -45.4198 26.9313 0.8633 0.7976 0.0989
22.7099 -52.3893 35.8244 0.8799 0.7366 -0.0176
18.1221 -40.3740 77.2824 0.9475 0.6995 -0.1023
56.0611 34.5191 72.8931 1.7986 0.6521 0.5059
42.5115 51.8321 -20.9924 0.7043 1.1060 -0.4819
47.6718 -21.8779 -59.4504 0.6980 0.5776 -0.0061
-45.5191 -8.3359 -85.5954 0.7725 0.7048 0.1667
-9.6947 -0.3893 -77.9313 0.9004 0.6384 0.0190
-43.4656 37.1756 -54.5115 0.8872 0.4260 0.1050
-55.8244 47.1756 -30.5878 0.9585 0.5957 0.0134
-28.7481 14.6565 -14.2901 0.8882 0.6904 -0.0327
7.0840 6.6565 2.6718 0.7781 0.7522 0.3557
3.0916 12.3588 3.6565 0.9377 1.1362 0.1389
16.4733 12.3053 -7.6107 0.9270 0.7805 0.1648
12.9542 15.4046 1.7939 0.8457 0.8953 0.2461
3.2595 8.1069 -1.9771 0.8135 0.9116 0.2686
-1 -1 -1 -1 -1 -1
2.0382 1.9160 -4.1221 0.8340 0.9094 0.2629
1.4656 -0.4198 -4.7939 0.8455 0.9041 0.2529
2.5038 1.2443 -4.5115 0.8489 0.9114 0.2495
1.9847 2.3893 -3.0992 0.8423 0.9011 0.2439
2.2824 3.0305 -2.6183 0.8420 0.9084 0.2490
3.1908 3.4198 -2.0458 0.8474 0.9077 0.2454
2.8397 3.1985 -2.3130 0.8394 0.9036 0.2537
-1 -1 -1 -1 -1 -1
-1 -1 -1 -1 -1 -1
-1 -1 -1 -1 -1 -1
-1 -1 -1 -1 -1 -1
-1 -1 -1 -1 -1 -1
-1 -1 -1 -1 -1 -1
-1 -1 -1 -1 -1 -1
-1 -1 -1 -1 -1 -1
-1 -1 -1 -1 -1 -1
-17.3969 -16.4046 -1.9084 1.0376 0.8811 0.4707
109.7786 -38.7176 46.4198 1.1221 0.2341 -0.2905
43.5420 -46.6183 79.6336 0.7813 0.2847 0.2515
36.4504 45.6336 113.0458 1.0405 0.4993 0.2495
-17.9313 69.0305 97.0305 0.9165 0.7810 0.0483
-80.9695 -3.9771 22.3282 0.4495 0.7747 -0.0994
-62.6489 -45.2061 -59.6794 0.5825 1.0701 0.2192
83.8168 -10.0153 -94.1603 1.1497 -0.3647 1.7539
3.5115 4.4427 -83.1527 1.1201 0.6379 0.1218
-9.7176 52.4656 -41.1069 0.8647 0.7571 -0.0952
-3.6107 47.8702 -33.4427 0.7886 0.8601 0.0645
-18.8015 24.0305 -25.0534 0.9011 0.7532 0.1392
-0.6641 9.1985 -18.0687 0.8601 0.7993 0.1169
3.5802 11.9771 -10.3359 0.8608 0.8533 0.1526
-2.7252 22.8244 1.7328 0.9138 0.8142 0.1980
11.8855 4.1069 1.3969 0.7932 0.8765 0.2104
8.4733 6.5038 -2.6183 0.8794 0.8777 0.1646
15.8626 6.0687 -2.4427 0.8433 0.8926 0.2266
5.5725 1.8244 -4.7023 0.8608 0.8674 0.2019
1.3817 8.1069 -3.8702 0.8494 0.8875 0.2202
3.9237 5.7939 -4.2443 0.8533 0.8997 0.2483
1.5649 4.1145 -3.8702 0.8440 0.8958 0.2351
2.5267 4.1221 -3.3893 0.8528 0.8911 0.2285
2.5038 3.5725 -3.3588 0.8433 0.9045 0.2400
-1 -1 -1 -1 -1 -1
-1 -1 -1 -1 -1 -1
-1 -1 -1 -1 -1 -1
-1 -1 -1 -1 -1 -1
-1 -1 -1 -1 -1 -1
-1 -1 -1 -1 -1 -1
-1 -1 -1 -1 -1 -1
-1 -1 -1 -1 -1 -1
-1 -1 -1 -1 -1 -1
-1 -1 -1 -1 -1 -1
-1 -1 -1 -1 -1 -1
-1.5573 -6.1221 -4.3969 0.8699 0.8159 0.1985
0.8779 -14.3435 -6.0840 0.8149 0.9617 0.1978
-0.0611 -9.0763 9.2595 0.8789 0.8364 0.1716
5.2443 -14.6107 17.6260 0.8743 0.8489 0.1152
6.7863 -24.2137 28.4427 0.8831 0.7896 0.0964
-1.3588 -42.6183 37.4122 0.8562 0.7520 0.0789
15.9847 -65.8702 58.4198 0.8259 0.6084 -0.1157
-72.0687 -9.6183 89.2748 1.3716 0.3630 -0.0276
204.9466 91.3130 86.1908 0.6331 0.9124 0.4250
6.2443 -4.4427 -41.6565 0.5339 0.7087 -0.1013
40.8473 -11.0458 -62.0076 0.7737 0.5344 0.1509
-10.1985 -5.9008 -89.2366 0.9944 0.5283 -0.0251
-10.3817 3.3893 -64.3817 0.9182 0.4673 0.0151
-49.7405 27.6718 -43.5267 0.8748 0.4719 -0.0132
-38.4809 45.3282 -17.4504 0.9302 0.6804 0.0491
-15.7252 14.3664 -11.3893 0.9033 0.7622 -0.0063
23.9237 0.0000 8.7481 0.6355 0.7742 0.2146
5.7786 22.4504 0.5878 1.0339 0.7585 0.4634
8.4580 13.9924 0.3893 0.8311 0.9766 0.2651
5.2672 6.6489 -6.8321 0.8228 0.9399 0.2588
8.3511 3.0611 -0.7786 0.8352 0.8970 0.2468
4.4733 4.7252 -0.5267 0.8325 0.9001 0.2527
1.8550 1.2061 -1.9542 0.8440 0.8853 0.2559
1.4504 2.6489 -2.1985 0.8462 0.8848 0.2380
3.1374 3.8321 -2.2977 0.8416 0.8960 0.2439
3.1069 3.5573 -2.5191 0.8362 0.8921 0.2485
3.8855 3.1145 -2.8779 0.8411 0.8928 0.2581
-1 -1 -1 -1 -1 -1
-1 -1 -1 -1 -1 -1
-1 -1 -1 -1 -1 -1
-1 -1 -1 -1 -1 -1
-1 -1 -1 -1 -1 -1
-1 -1 -1 -1 -1 -1
-1 -1 -1 -1 -1 -1
-1 -1 -1 -1 -1 -1
-1 -1 -1 -1 -1 -1
-1 -1 -1 -1 -1 -1
-1 -1 -1 -1 -1 -1
-5.5038 -34.9542 -16.9924 0.9995 0.7861 0.2175
39.7176 -38.1145 22.1985 1.0183 0.1340 -0.1433
46.5573 -14.4122 80.0458 0.8992 0.2502 0.0842
51.5878 43.4504 114.0687 1.1577 0.4331 0.0828
-22.4427 59.8473 103.8092 0.8857 0.8445 -0.0757
-65.7939 -24.6336 32.9618 0.4814 0.8201 -0.0547
-75.1603 -58.5954 -52.3282 0.5532 1.1270 0.1370
128.8626 -47.5115 -89.0229 0.5564 0.3247 -0.4622
-13.3053 21.0382 -82.8321 1.0486 0.4441 -0.2329
-3.0840 37.2672 -54.2214 0.8977 0.7764 -0.0415
-26.3740 37.5878 -28.5725 0.8650 0.7808 0.0515
-6.5573 32.4504 -27.6412 0.8799 0.8352 0.1086
2.9084 10.8779 -20.7328 0.8594 0.8738 0.1240
3.3282 19.8244 -11.4046 0.8906 0.8872 0.1228
15.6947 22.4427 -0.0611 0.8901 0.8835 0.2075
19.5802 -3.5802 -2.9847 0.8562 0.9116 0.2017
1.9160 10.0305 -8.6336 0.8516 0.8923 0.2063
10.5573 2.8321 -7.4198 0.8206 0.8955 0.2007
1.3130 6.6183 -7.0534 0.8650 0.9075 0.1895
1.8092 4.8015 -6.5954 0.8599 0.9023 0.2031
2.6336 2.8244 -5.7176 0.8508 0.9258 0.2004
3.5878 4.2901 -4.5649 0.8474 0.9297 0.2009
3.2214 4.6031 -3.7481 0.8455 0.9377 0.2004
2.6641 3.3511 -2.5115 0.8496 0.9412 0.2026
-1 -1 -1 -1 -1 -1
-1 -1 -1 -1 -1 -1
-1 -1 -1 -1 -1 -1
-1 -1 -1 -1 -1 -1
-1 -1 -1 -1 -1 -1
-1 -1 -1 -1 -1 -1
-1 -1 -1 -1 -1 -1
-1 -1 -1 -1 -1 -1
-1 -1 -1 -1 -1 -1
-1 -1 -1 -1 -1 -1
-1 -1 -1 -1 -1 -1
11.3359 -15.1985 -5.2519 0.8345 0.9451 0.1628
-9.1221 -8.5115 4.6260 0.9167 0.9827 0.2034
2.7328 1.4885 17.6489 0.8740 0.8987 0.1133
-1 -1 -1 -1 -1 -1
0.0153 -35.2290 26.9008 0.8582 0.8237 0.1572
22.1832 -44.6794 38.8779 0.8484 0.7620 0.0015
18.3969 -50.6870 70.9466 0.8984 0.7644 -0.0833
-28.4885 20.9618 88.0382 1.6353 0.2690 0.1736
161.0458 93.9466 45.7328 0.9973 1.0767 -0.1711
37.5191 13.8168 -46.5115 0.5657 0.4124 -0.2017
38.9466 -42.5267 -75.1908 0.7200 0.5649 0.1047
-70.6947 -20.3588 -95.7405 0.8347 0.2888 0.1794
-55.6260 16.4122 -74.0153 0.7605 0.6509 0.0911
-63.1603 38.6565 -48.5344 0.9241 0.5559 -0.0229
-7.2137 27.1527 -7.8473 0.8225 0.4177 0.1519
13.3206 10.0687 6.7328 1.0088 1.0120 0.1501
9.2595 13.9542 -4.1374 0.9595 0.7168 0.0527
-7.1679 12.8702 -4.6107 0.8320 0.9255 0.2473
5.5191 8.7481 -4.4962 0.8213 0.9497 0.2615
5.4504 3.3435 -3.1298 0.8423 0.9121 0.2542
3.6183 4.1221 -3.8092 0.8459 0.9170 0.2490
3.4656 5.3282 -2.9695 0.8425 0.9094 0.2500
3.4122 2.7176 -3.4580 0.8389 0.9185 0.2485
3.7099 2.9542 -2.7405 0.8401 0.9185 0.2498
2.6107 3.4656 -2.9466 0.8376 0.9241 0.2498
3.0763 4.2137 -2.0153 0.8442 0.9153 0.2585
-1 -1 -1 -1 -1 -1
3.0840 4.0458 -2.0000 0.8433 0.9146 0.2556
-1 -1 -1 -1 -1 -1
-1 -1 -1 -1 -1 -1
-1 -1 -1 -1 -1 -1
-1 -1 -1 -1 -1 -1
-1 -1 -1 -1 -1 -1
-1 -1 -1 -1 -1 -1
-1 -1 -1 -1 -1 -1
-1 -1 -1 -1 -1 -1
-1 -1 -1 -1 -1 -1
-1 -1 -1 -1 -1 -1
-1 -1 -1 -1 -1 -1
-1 -1 -1 -1 -1 -1
-11.0076 -49.3817 -6.0458 0.8560 0.9146 0.3420
-30.0000 -29.6412 -28.5267 1.1648 0.5886 -0.1125
99.3664 -60.9847 74.9542 0.9153 -0.0205 -0.0876
41.0382 -2.6260 105.2519 0.7375 0.4822 0.0454
5.4504 72.6031 119.8321 0.9514 0.8147 0.0120
-27.8931 42.2748 57.8626 0.4219 0.8408 -0.1506
-65.4275 -43.0076 -31.4809 0.4749 0.8677 0.0942
199.0763 -74.2901 -75.1832 1.2734 0.7004 1.0046
-73.3893 19.0992 -74.6718 1.6902 0.6362 0.4075
-12.3588 56.3664 -43.8397 0.9509 0.6973 0.0283
0.6718 45.8015 -39.0916 0.8337 0.7832 0.1758
0.2214 21.0916 -32.4809 0.8130 0.7456 0.1968
18.8626 12.8397 -22.1985 0.8684 0.8533 0.1694
5.7405 10.9008 -18.2137 0.8367 0.8826 0.2144
14.2824 9.4198 -10.7099 0.8799 0.9148 0.1997
7.1069 11.4122 -9.8855 0.8384 0.8958 0.2295
-4.3359 4.6641 -5.3588 0.8245 0.9697 0.2466
2.8015 2.6641 -2.7939 0.8582 0.8850 0.2292
10.2137 3.6260 1.5344 0.8635 0.9224 0.2312
-2.0458 8.9618 -2.0611 0.8467 0.9185 0.2439
6.5573 6.3206 1.4351 0.8389 0.9160 0.2537
3.4656 4.9924 0.9313 0.8391 0.9119 0.2610
1.7176 0.9313 -1.8550 0.8325 0.9136 0.2693
-1 -1 -1 -1 -1 -1
3.6718 3.0305 -1.4275 0.8420 0.8936 0.2532
-1 -1 -1 -1 -1 -1
-1 -1 -1 -1 -1 -1
-1 -1 -1 -1 -1 -1
-1 -1 -1 -1 -1 -1
-1 -1 -1 -1 -1 -1
-1 -1 -1 -1 -1 -1
-1 -1 -1 -1 -1 -1
-1 -1 -1 -1 -1 -1
-1 -1 -1 -1 -1 -1
-1 -1 -1 -1 -1 -1
-1 -1 -1 -1 -1 -1
-1 -1 -1 -1 -1 -1
-3.1985 -12.6870 -9.0458 0.8677 0.8413 0.2234
6.9618 -6.6260 -7.8321 0.8501 0.9458 0.1946
6.5954 -3.0076 9.1679 0.8667 0.9011 0.1992
3.0992 -8.6870 14.0534 0.8618 0.8655 0.1790
-2.8855 -34.8244 19.8015 0.8760 0.8357 0.1511
20.8244 -56.6794 23.7710 0.8452 0.7437 -0.0200
54.0382 -57.0000 43.9771 0.8772 0.8101 -0.1311
-39.7405 -2.0305 95.3359 1.0464 0.6985 -0.1985
150.0840 69.1450 92.3588 0.6775 0.7913 0.5483
3.6183 48.6412 -50.0840 0.4922 1.1587 -0.0415
40.9618 -16.8779 -80.5802 0.7554 0.4033 0.1123
-73.7863 -8.5496 -82.4657 0.8398 0.5083 0.1636
-78.1908 17.6107 -60.5420 0.8872 0.5583 0.0491
-65.1069 27.2366 -39.6947 0.8782 0.6279 0.0007
-5.9389 10.7481 -30.6794 0.8682 0.6467 0.0256
-30.3130 23.6107 -11.8015 0.7678 0.7651 0.2415
14.8015 4.8626 7.7481 0.9836 1.0410 0.0879
25.0153 9.1298 -6.1145 0.9180 0.7988 0.1758
5.7863 5.6336 0.1908 0.8418 0.8738 0.2192
0.4885 3.4809 -2.6565 0.8320 0.9250 0.2488
5.7023 0.7634 -2.0458 0.8521 0.9097 0.2300
5.3588 0.7328 -2.1527 0.8604 0.8899 0.2180
4.5725 2.7634 -1.7786 0.8499 0.8943 0.2222
2.2824 3.4809 -2.4580 0.8501 0.8899 0.2175
2.1145 2.6489 -2.7252 0.8503 0.8865 0.2183
-1 -1 -1 -1 -1 -1
-1 -1 -1 -1 -1 -1
-1 -1 -1 -1 -1 -1
-1 -1 -1 -1 -1 -1
-1 -1 -1 -1 -1 -1
-1 -1 -1 -1 -1 -1
-1 -1 -1 -1 -1 -1
-1 -1 -1 -1 -1 -1
-1 -1 -1 -1 -1 -1
-1 -1 -1 -1 -1 -1
-1 -1 -1 -1 -1 -1
-1 -1 -1 -1 -1 -1
19.9237 -20.5725 -15.4809 0.9949 0.7437 0.1160
76.1985 -12.8092 43.7023 0.9749 0.1499 -0.1077
40.5420 0.7557 93.8397 0.9968 0.2756 0.1848
7.9008 18.0305 104.6565 1.0320 0.5959 0.0903
-22.4962 29.7481 83.1908 0.7080 0.9216 0.0056
-64.7252 -8.6641 14.8702 0.4712 0.6621 0.0417
-79.5802 -65.8015 -77.2824 0.5076 1.3323 0.0334
90.5038 1.4504 -107.9618 1.8198 0.5605 -0.0940
-17.9618 47.0687 -62.4275 0.9675 0.5706 -0.1306
-14.8550 52.9695 -37.9847 0.8220 0.7598 0.0793
30.6336 49.5267 -43.4046 0.8635 0.7385 0.1426
-8.1527 15.6183 -28.1221 0.8259 0.8921 0.2178
-2.6412 8.5191 -24.4580 0.8628 0.8523 0.1899
5.6183 10.6336 -16.8168 0.8625 0.9065 0.1870
6.9237 5.0382 -10.2366 0.8743 0.9363 0.1941
4.1374 11.8015 -1.2977 0.8506 0.9438 0.2036
1.1069 15.7405 4.6794 0.8474 0.9045 0.2397
3.5038 -0.1450 0.1832 0.8474 0.9277 0.2637
1.3053 3.2595 -2.1069 0.8665 0.8914 0.2278
3.6794 3.0229 -1.7863 0.8381 0.9119 0.2532
2.9313 3.3206 -1.9008 0.8494 0.9050 0.2417
3.5802 4.3664 -1.6641 0.8440 0.9058 0.2463
2.3588 1.5115 -2.6718 0.8457 0.9045 0.2419
1.7481 3.1756 -2.6489 0.8374 0.9062 0.2393
2.2137 3.4962 -2.5496 0.8452 0.9041 0.2527
-1 -1 -1 -1 -1 -1
-1 -1 -1 -1 -1 -1
-1 -1 -1 -1 -1 -1
-1 -1 -1 -1 -1 -1
-1 -1 -1 -1 -1 -1
-1 -1 -1 -1 -1 -1
-1 -1 -1 -1 -1 -1
-1 -1 -1 -1 -1 -1
-1 -1 -1 -1 -1 -1
-1 -1 -1 -1 -1 -1
-1 -1 -1 -1 -1 -1
8.2595 -5.8931 -3.4122 0.8279 0.9292 0.2207
5.1908 -2.5267 8.9389 0.8496 0.9226 0.2424
3.1221 -26.2519 12.8015 0.8198 0.9062 0.2510
0.9695 -45.1527 13.9466 0.8640 0.8171 0.1582
22.5954 -50.6489 22.0076 0.8647 0.8960 0.0552
55.3435 -58.0992 41.2595 0.8762 0.8403 -0.0811
12.4351 -23.9160 77.2519 0.8918 0.6951 -0.2207
-65.0687 23.3893 74.5725 1.9680 0.5557 0.2075
86.1450 78.4122 -1.2672 1.1450 1.7681 -1.0706
28.6947 -16.2748 -59.0153 0.6580 0.5496 -0.0029
5.7786 -2.3435 -74.4580 0.8335 0.6030 0.1289
-60.3588 18.0534 -78.8092 0.8997 0.4053 0.0920
-69.6183 25.8931 -61.7023 0.8960 0.5864 0.0173
-47.1145 25.1603 -38.4122 0.9146 0.5713 0.0334
-6.5878 -2.3435 -14.6183 0.8528 0.5808 0.0476
10.6260 9.0000 5.5267 0.8477 0.8965 0.0730
33.8931 18.5420 7.7252 0.8381 0.9038 0.1667
4.5420 13.3282 -7.7557 0.8699 0.8523 0.1873
0.6107 1.5191 -3.9618 0.8652 0.8901 0.2139
4.2672 1.8168 -2.1679 0.8521 0.8994 0.2205
-1 -1 -1 -1 -1 -1
3.4198 2.7863 -2.6031 0.8503 0.8940 0.2153
2.5573 3.6641 -3.6336 0.8464 0.9028 0.2146
3.6718 3.1756 -2.6260 0.8579 0.8975 0.2112
2.8244 4.3130 -2.6794 0.8574 0.8928 0.2146
-1 -1 -1 -1 -1 -1
-1 -1 -1 -1 -1 -1
-1 -1 -1 -1 -1 -1
-1 -1 -1 -1 -1 -1
-1 -1 -1 -1 -1 -1
-1 -1 -1 -1 -1 -1
-1 -1 -1 -1 -1 -1
-1 -1 -1 -1 -1 -1
-1 -1 -1 -1 -1 -1
-1 -1 -1 -1 -1 -1
-23.2137 -36.0611 1.8015 0.8540 0.8604 0.3381
15.2824 -27.0458 -29.8473 1.1011 0.5408 -0.0112
76.5573 -41.7328 66.3893 0.7363 -0.0220 -0.0447
-21.4504 44.0611 115.2824 1.1016 0.3752 0.1560
-33.3130 52.3664 113.8092 1.0623 0.9324 -0.0137
-53.2519 -29.2290 32.4198 0.5488 0.8577 -0.0381
-78.5649 -36.7939 -45.3664 0.5752 1.1060 0.2534
118.0916 -3.3893 -61.9542 1.2788 0.2788 1.8550
-30.2672 1.6718 -104.6183 0.9561 1.0022 -0.1335
1.5649 48.0916 -48.3282 0.8538 0.8203 0.0315
20.6641 45.3130 -36.9466 0.8835 0.6804 0.0715
10.9008 24.1756 -29.7939 0.8496 0.8335 0.1980
-9.8702 4.7481 -26.1679 0.8567 0.8533 0.1750
-1.7099 17.9618 -16.1908 0.8523 0.9490 0.2029
-2.2214 19.1374 -11.7099 0.8149 0.9426 0.2278
-7.9160 11.7328 -6.4733 0.8394 0.9148 0.2434
5.4580 15.2366 1.4427 0.7927 0.9192 0.2983
7.9771 -5.0076 -3.2977 0.8059 0.9314 0.3098
-4.5115 -2.2214 -4.3740 0.8313 0.9465 0.2756
7.1069 -4.7939 0.3130 0.8562 0.8914 0.2422
7.0611 1.0076 -0.1450 0.8457 0.9126 0.2246
7.1145 10.0458 -0.1450 0.8447 0.9146 0.2378
1.8092 -1.3435 -3.3206 0.8306 0.9160 0.2600
1.8397 -0.0916 -2.9466 0.8467 0.9155 0.2397
3.9466 5.6870 -0.7939 0.8359 0.9229 0.2444
3.0840 3.8855 -0.6947 0.8374 0.9224 0.2478
-1 -1 -1 -1 -1 -1
-1 -1 -1 -1 -1 -1
-1 -1 -1 -1 -1 -1
-1 -1 -1 -1 -1 -1
-1 -1 -1 -1 -1 -1
-1 -1 -1 -1 -1 -1
-1 -1 -1 -1 -1 -1
-1 -1 -1 -1 -1 -1
-1 -1 -1 -1 -1 -1
-1 -1 -1 -1 -1 -1
-1 -1 -1 -1 -1 -1
-1 -1 -1 -1 -1 -1
0.0076 -9.6565 -7.6870 0.8416 0.9519 0.1714
5.8168 -6.9313 11.6031 0.8611 0.8579 0.1597
6.5344 -12.6565 19.2595 0.8699 0.8594 0.1628
10.2443 -43.0076 20.6641 0.8801 0.8003 0.1394
39.3664 -68.7939 16.0687 0.8696 0.7834 -0.0125
36.2901 -69.1450 70.3664 0.8403 0.7234 -0.1685
-83.1374 10.9084 110.8397 1.2512 0.5894 -0.2852
154.5420 77.3511 78.3588 0.6089 0.9448 0.5403
35.0458 33.6947 -61.0534 0.5967 0.9075 -0.3005
-37.2519 -6.1679 -105.8550 0.8203 0.5398 -0.0510
-38.6641 21.5344 -101.0076 0.9485 0.4995 0.0540
-0.1985 34.8092 -59.2672 0.8787 0.4038 -0.0129
-43.9924 51.9695 -18.5802 0.8694 0.4670 0.1785
31.8321 -5.0229 25.2061 0.7815 0.5247 -0.1709
4.3588 -2.0687 3.7099 0.9998 0.7690 0.0737
1.2748 7.1908 -0.4351 0.8311 1.0037 0.2261
14.2748 4.3588 -2.0763 0.8550 0.9041 0.1926
6.7863 6.9924 -2.2672 0.8562 0.8977 0.1948
3.3206 5.7405 -3.4733 0.8474 0.8999 0.2231
2.9389 4.7328 -3.3740 0.8540 0.8994 0.2068
2.1145 3.5954 -3.7405 0.8501 0.8979 0.2207
3.0611 1.4656 -4.3893 0.8435 0.8889 0.2144
-1 -1 -1 -1 -1 -1
-1 -1 -1 -1 -1 -1
-1 -1 -1 -1 -1 -1
-1 -1 -1 -1 -1 -1
3.2366 3.1374 -2.4351 0.8523 0.9011 0.2058
-1 -1 -1 -1 -1 -1
-1 -1 -1 -1 -1 -1
-1 -1 -1 -1 -1 -1
-1 -1 -1 -1 -1 -1
-1 -1 -1 -1 -1 -1
-1 -1 -1 -1 -1 -1
-1 -1 -1 -1 -1 -1
-1 -1 -1 -1 -1 -1
-1 -1 -1 -1 -1 -1
-1 -1 -1 -1 -1 -1
22.2595 -15.8397 -23.7710 0.9636 0.7031 -0.0244
109.7557 -41.1985 52.3359 0.9639 0.0063 -0.1697
9.0229 17.3740 107.0382 0.9727 0.2668 0.2378
1.5496 44.0763 118.8702 1.0244 0.7769 0.0608
-9.7176 13.9160 66.9924 0.6604 0.8333 -0.0750
-92.7634 -50.0458 -25.2214 0.5398 1.1638 0.0896
151.1527 2.7481 -42.9542 1.5972 -0.3682 -0.4888
-71.0076 4.1145 -106.7023 1.0676 0.7620 -0.0894
16.8473 48.3282 -65.8702 0.9700 0.7158 -0.1287
-0.1069 42.5878 -36.3740 0.8191 0.7358 -0.0132
-1.4733 31.3435 -34.0534 0.8728 0.8784 0.1443
-10.4351 13.5115 -20.4656 0.8882 0.8572 0.1069
3.0992 14.9542 -16.0229 0.8779 0.8962 0.1619
-5.6260 23.6870 -8.4733 0.8977 0.9355 0.1611
-3.6641 16.0458 0.4122 0.8511 0.9331 0.2317
15.7099 4.9542 3.6336 0.8132 0.9043 0.2224
10.8702 1.9237 -3.5344 0.8425 0.9102 0.1921
0.9771 -0.0763 -4.3282 0.8562 0.9094 0.2246
3.7863 4.8702 -2.0382 0.8408 0.9048 0.2280
0.8168 2.5344 -2.9924 0.8503 0.9111 0.2300
1.7252 2.6412 -3.0916 0.8516 0.9023 0.2312
2.2290 1.2672 -3.7863 0.8538 0.8928 0.2109
2.3359 3.4198 -2.7634 0.8516 0.9102 0.2275
-1 -1 -1 -1 -1 -1
-1 -1 -1 -1 -1 -1
-1 -1 -1 -1 -1 -1
-1 -1 -1 -1 -1 -1
-1 -1 -1 -1 -1 -1
-1 -1 -1 -1 -1 -1
-1 -1 -1 -1 -1 -1
-1 -1 -1 -1 -1 -1
-1 -1 -1 -1 -1 -1
-1 -1 -1 -1 -1 -1
-1 -1 -1 -1 -1 -1
2.0076 -4.2366 -5.4809 0.8677 0.8721 0.2136
-1.7176 -3.1832 -6.2824 0.8306 0.9165 0.1638
1.7405 -8.5420 10.3511 0.8853 0.8601 0.1787
2.1756 -11.7252 16.9237 0.8645 0.8538 0.1597
7.1145 -32.3206 23.9695 0.8977 0.8140 0.1194
16.4198 -58.3740 21.6794 0.8860 0.7180 0.0125
57.9847 -84.0840 46.0916 0.8579 0.7944 -0.1418
-75.2366 4.0534 113.5420 1.0964 0.7458 -0.2737
187.3359 86.2748 80.3970 0.4883 0.7422 0.5693
7.5115 27.4504 -53.0382 0.4985 0.9844 -0.1343
-7.3817 -6.9008 -98.6183 0.7754 0.4524 0.0896
-33.6794 16.1298 -80.6794 0.9194 0.4058 -0.0149
-76.3130 35.5267 -71.2061 0.8250 0.5837 -0.0112
-27.7939 26.6565 -44.3817 0.8499 0.5688 0.0151
19.0840 25.6947 18.8397 0.7793 0.2954 -0.1941
-8.0076 6.8626 10.8092 1.0122 0.6511 0.0876
16.7405 14.2901 2.1450 0.8572 0.9373 0.2393
9.8321 11.9847 -0.6260 0.8162 0.9292 0.2510
8.0382 -1.1908 -1.4580 0.8416 0.9272 0.2388
-0.0534 1.8092 -1.9084 0.8474 0.9231 0.2234
-1 -1 -1 -1 -1 -1
3.0458 5.4885 0.4885 0.8494 0.9033 0.2283
1.0458 4.2748 -1.2290 0.8494 0.8938 0.2334
2.4275 3.6794 -1.4122 0.8481 0.8938 0.2373
2.3740 3.0763 -1.6183 0.8496 0.8940 0.2427
2.8855 3.1069 -1.8473 0.8437 0.8838 0.2275
-1 -1 -1 -1 -1 -1
-1 -1 -1 -1 -1 -1
-1 -1 -1 -1 -1 -1
-1 -1 -1 -1 -1 -1
-1 -1 -1 -1 -1 -1
-1 -1 -1 -1 -1 -1
-1 -1 -1 -1 -1 -1
-1 -1 -1 -1 -1 -1
-1 -1 -1 -1 -1 -1
-26.8855 -13.3969 4.3435 0.9185 0.7920 0.3350
38.3893 -27.8397 -22.7710 1.0601 0.6072 0.1050
87.4809 -27.9313 64.2595 0.7170 -0.0039 -0.0310
-10.8702 48.8855 105.7328 1.0288 0.4563 0.1013
-26.5420 22.7481 105.9924 0.9988 0.8428 -0.0203
-34.2137 2.8397 54.4198 0.5952 0.6594 0.0981
-33.9847 -30.0916 -14.3511 0.5032 0.9412 0.1289
196.4962 -79.2214 -82.3817 0.8274 0.6184 0.3752
-62.8397 -22.2519 -102.2061 0.8435 0.5603 -0.2744
2.8473 57.9008 -48.7939 0.8540 0.6868 0.0081
-2.3893 45.4733 -39.2595 0.8728 0.6550 0.0547
2.3511 28.8168 -39.6260 0.8586 0.8513 0.1636
4.1298 5.9618 -21.1985 0.8657 0.8425 0.2058
6.1985 10.7405 -14.2977 0.8542 0.9248 0.1855
6.1374 6.0992 -8.5725 0.8411 0.9280 0.2153
-4.0916 7.1679 -6.2672 0.8523 0.9531 0.2039
-5.0076 9.5954 -2.4046 0.8396 0.9729 0.2131
3.0611 9.6794 6.5344 0.8435 0.9060 0.2329
4.9618 -0.1527 3.7328 0.8425 0.9255 0.2546
1.1221 -0.2137 -0.6794 0.8540 0.9155 0.2227
6.0611 4.8626 0.3664 0.8486 0.8960 0.2266
2.8244 5.2061 -0.4962 0.8352 0.9304 0.2412
1.5649 2.2977 -2.9771 0.8516 0.8989 0.2410
1.6260 2.8473 -2.4504 0.8464 0.8992 0.2312
3.8779 4.0458 -1.7710 0.8452 0.8928 0.2314
3.2901 2.9695 -2.2519 0.8442 0.8962 0.2476
-1 -1 -1 -1 -1 -1
2.3053 3.1298 -2.7863 0.8369 0.8987 0.2373
-1 -1 -1 -1 -1 -1
-1 -1 -1 -1 -1 -1
-1 -1 -1 -1 -1 -1
-1 -1 -1 -1 -1 -1
-1 -1 -1 -1 -1 -1
-1 -1 -1 -1 -1 -1
-1 -1 -1 -1 -1 -1
-1 -1 -1 -1 -1 -1
-1 -1 -1 -1 -1 -1
-1 -1 -1 -1 -1 -1
1.9466 -5.6183 -4.4962 0.8286 0.8398 0.2307
-1.6260 -13.2595 -7.1603 0.8174 0.9260 0.1953
1.7176 -8.7176 10.8931 0.8633 0.8850 0.1882
4.6031 -15.0076 17.3130 0.8521 0.8679 0.1682
4.0992 -49.9313 18.2214 0.9043 0.8037 0.1245
22.7405 -60.5115 28.8931 0.8315 0.7305 -0.0024
55.2901 -65.0840 57.0153 0.8994 0.7446 -0.1504
-87.9847 -1.3893 93.0000 1.0437 0.5193 -0.3252
150.8321 80.5878 66.5649 0.7910 0.7197 0.2478
-23.2061 61.2519 -33.2977 0.6802 1.1479 -0.3926
3.2824 -17.7481 -94.6565 0.8374 0.5430 0.0313
-21.9771 3.9847 -82.9695 0.8591 0.4490 0.1797
-11.8092 23.7863 -52.2137 0.8821 0.4883 0.0640
-60.8626 29.8855 -45.5573 0.9177 0.6096 -0.0269
-35.9924 31.7176 -21.4733 0.8037 0.5000 0.1167
9.2137 -4.6870 0.2824 0.8608 0.9148 0.1665
18.9847 19.9542 0.2672 1.0315 0.7266 0.3433
7.6870 22.8626 2.3053 0.7957 0.9429 0.2776
10.4275 9.9160 0.0305 0.8108 0.9185 0.2810
3.4275 -0.0534 -3.0305 0.8259 0.8862 0.2649
-1.2137 -0.4733 -4.2672 0.8474 0.8787 0.2532
1.0534 -0.1832 -2.9466 0.8416 0.8862 0.2507
2.9618 1.7557 -1.9695 0.8496 0.8826 0.2449
3.7328 2.7481 -1.9084 0.8542 0.8767 0.2473
3.5038 4.0305 -1.9313 0.8464 0.8809 0.2517
3.4046 5.1527 -1.4351 0.8411 0.8740 0.2427
-1 -1 -1 -1 -1 -1
-1 -1 -1 -1 -1 -1
-1 -1 -1 -1 -1 -1
-1 -1 -1 -1 -1 -1
-1 -1 -1 -1 -1 -1
-1 -1 -1 -1 -1 -1
-1 -1 -1 -1 -1 -1
-1 -1 -1 -1 -1 -1
-1 -1 -1 -1 -1 -1
-6.5420 -30.4580 -3.4427 0.8015 0.9155 0.2974
57.9771 -17.8779 -30.4351 1.0037 0.8066 0.0469
87.9618 -30.6183 50.7863 0.7375 0.0669 0.0032
10.3969 32.4656 98.6947 0.9810 0.2781 0.2166
-52.7634 50.4580 100.8397 0.7908 0.7493 -0.1465
-44.0305 -11.7099 53.9466 0.5681 0.8284 -0.0820
-1 -1 -1 -1 -1 -1
48.4656 28.3359 -38.2901 1.7422 -0.0537 0.2446
-87.8626 -2.7252 -99.6794 1.2144 0.5505 0.2615
-3.5267 47.5954 -58.2214 0.9155 0.6763 -0.0435
16.6336 46.0840 -43.7405 0.8604 0.7461 0.0713
4.9389 28.4275 -37.6183 0.8416 0.8340 0.1399
0.9160 7.8931 -22.1450 0.8660 0.8433 0.1572
3.5496 9.1069 -16.7634 0.8486 0.8982 0.1609
4.5496 14.2290 -13.3664 0.8579 1.0093 0.2061
3.2214 7.5573 -4.7328 0.8513 0.9551 0.1941
-3.4656 8.7252 -1.6336 0.8342 0.9573 0.2136
-1.0305 11.0076 4.1908 0.8301 0.9148 0.2019
7.0916 -2.4809 -0.9542 0.8435 0.9299 0.2207
4.3664 3.1374 -1.2595 0.8806 0.9390 0.1902
4.3817 3.9542 -1.5267 0.8508 0.9221 0.2151
2.9924 5.4962 -1.3893 0.8596 0.9155 0.2197
2.9542 4.1679 -2.8626 0.8462 0.9141 0.2146
3.1298 3.5954 -2.2366 0.8523 0.9138 0.2214
-1 -1 -1 -1 -1 -1
-1 -1 -1 -1 -1 -1
-1 -1 -1 -1 -1 -1
-1 -1 -1 -1 -1 -1
-1 -1 -1 -1 -1 -1
-1 -1 -1 -1 -1 -1
-1 -1 -1 -1 -1 -1
-1 -1 -1 -1 -1 -1
-1 -1 -1 -1 -1 -1
-1 -1 -1 -1 -1 -1
-1 -1 -1 -1 -1 -1
1.6260 -16.2824 -4.7481 0.8662 1.0312 0.1709
1.3511 -6.3130 13.9160 0.8958 0.8884 0.1431
0.7481 -9.0763 21.2901 0.8645 0.8264 0.1614
2.8015 -38.3664 22.5802 0.8691 0.7966 0.1289
30.2595 -60.8626 29.6947 0.8254 0.7866 -0.0112
37.2595 -63.3130 65.9084 0.8899 0.7041 -0.1580
-73.6641 22.3511 81.4198 1.4541 0.3594 -0.1284
245.0305 133.2748 102.5420 0.6443 0.7478 0.3774
43.7557 25.3969 -32.2061 0.5718 0.5852 -0.1260
33.3130 -23.4656 -61.8550 0.6707 0.5671 0.1663
-38.6489 -14.2061 -73.8779 0.8835 0.3770 0.0134
-11.4198 -5.2901 -50.7634 0.8782 0.5305 0.0938
-40.7863 25.5878 -40.4656 0.8704 0.5920 0.1047
-54.9237 24.4962 -40.2061 0.9089 0.7295 0.1318
-45.0305 26.5649 -27.5496 0.8267 0.5935 0.1748
8.7405 -11.0916 2.1527 0.7415 0.8047 0.1418
7.8626 11.8244 -5.9847 1.0042 0.6938 0.0798
12.4733 23.2824 1.7176 0.8401 0.9424 0.2673
13.6718 6.7786 -0.9771 0.7974 0.9175 0.2937
7.1374 2.5573 -2.5344 0.8494 0.8972 0.2578
5.3359 3.6183 -2.9924 0.8320 0.8936 0.2803
0.3282 0.9695 -5.2519 0.8398 0.8826 0.2559
2.4809 2.0153 -4.2977 0.8445 0.9019 0.2622
-1 -1 -1 -1 -1 -1
2.5802 2.9771 -2.0458 0.8389 0.8896 0.2537
-1 -1 -1 -1 -1 -1
-1 -1 -1 -1 -1 -1
-1 -1 -1 -1 -1 -1
2.3740 2.8397 -2.4733 0.8430 0.8857 0.2549
-1 -1 -1 -1 -1 -1
-1 -1 -1 -1 -1 -1
-1 -1 -1 -1 -1 -1
-1 -1 -1 -1 -1 -1
-1 -1 -1 -1 -1 -1
-1 -1 -1 -1 -1 -1
-1 -1 -1 -1 -1 -1
-1 -1 -1 -1 -1 -1
-1 -1 -1 -1 -1 -1
-1 -1 -1 -1 -1 -1
-18.0916 -33.9008 -3.0076 1.0159 0.6675 0.2473
44.4656 -35.7252 8.2977 0.9631 0.0818 -0.0103
57.1298 9.9160 88.1298 0.7996 0.0808 0.1548
-7.4198 45.4198 132.6031 1.2629 0.3882 0.0957
-70.6107 36.3817 89.1832 0.7104 1.1060 -0.1411
-74.7405 -53.0076 -7.4046 0.5347 1.0701 0.0439
4.3664 2.8092 -55.7557 1.9999 -0.1829 0.4731
-48.3282 18.3893 -63.5802 1.1777 0.1726 0.0615
-1.8244 55.6107 -59.7481 0.8623 0.7188 -0.0759
-30.9924 45.5954 -35.8168 0.8320 0.6995 0.0496
-1.5267 28.9771 -33.7634 0.8557 0.8176 0.1248
9.4198 9.3053 -26.4885 0.8567 0.8457 0.1487
5.5267 14.8092 -15.7557 0.8777 0.8562 0.1484
21.1985 18.7634 -13.4122 0.8284 1.0088 0.2512
7.8550 16.3206 -11.7710 0.8601 0.9524 0.2256
5.6565 13.6565 -3.6641 0.8279 0.9421 0.2546
0.6489 10.2672 0.8015 0.8071 0.9521 0.2878
-1.9542 -2.1450 -5.6947 0.8296 0.9167 0.2681
4.7939 -0.9771 -5.6870 0.8604 0.9500 0.2485
5.6412 3.0992 -3.2290 0.8394 0.9351 0.2510
4.7481 3.5725 -1.8092 0.8423 0.9309 0.2471
1.8321 2.9466 -2.7405 0.8411 0.9302 0.2490
1.7481 1.3359 -2.7634 0.8450 0.9316 0.2517
-1 -1 -1 -1 -1 -1
-1 -1 -1 -1 -1 -1
-1 -1 -1 -1 -1 -1
-1 -1 -1 -1 -1 -1
-1 -1 -1 -1 -1 -1
-1 -1 -1 -1 -1 -1
-1 -1 -1 -1 -1 -1
-1 -1 -1 -1 -1 -1
-1 -1 -1 -1 -1 -1
-1 -1 -1 -1 -1 -1
-1 -1 -1 -1 -1 -1
-1 -1 -1 -1 -1 -1
12.8550 -9.5649 -0.5573 0.8008 0.9268 0.2534
-5.4504 -9.7634 7.3130 0.8772 0.9485 0.2646
4.8092 -16.2443 14.7176 0.8391 0.9126 0.2122
12.5649 -35.1908 16.3511 0.8545 0.8379 0.1587
14.1221 -41.7710 24.5878 0.8833 0.8125 0.0369
39.3053 -50.4275 31.0382 0.8721 0.7395 -0.0427
40.8321 -48.4809 61.7939 0.8784 0.7559 -0.0884
-158.1756 13.1679 119.8702 1.2546 0.5693 -0.2107
232.8702 104.6260 80.8092 0.5859 0.8271 0.4338
-7.6718 33.9008 -55.6947 0.5410 0.9321 -0.0256
79.5191 -13.2901 -60.0305 0.6995 0.3799 0.1719
-17.2214 -20.0611 -89.4580 0.8047 0.3618 -0.0081
-21.2672 11.7557 -65.5115 0.8550 0.6477 0.1489
-52.1603 25.1069 -45.4962 0.8931 0.4990 0.0266
-34.7863 20.4885 -27.8244 0.8704 0.5681 0.0513
-16.0076 18.0534 -8.5191 0.8308 0.6912 0.1375
8.0458 1.5496 4.5496 0.7339 0.8298 0.1963
9.0305 9.5573 1.2595 1.0320 0.6370 0.3357
4.1756 16.8168 -1.5115 0.8447 0.9612 0.2512
13.3053 9.1908 -2.3511 0.8320 0.8967 0.2319
6.1221 5.8855 -2.4656 0.8437 0.8501 0.2432
1.4733 5.3511 -4.5344 0.8298 0.9084 0.2585
1.8702 1.7252 -3.2901 0.8433 0.8855 0.2576
2.3435 2.4122 -2.1832 0.8435 0.8901 0.2456
0.6718 3.5267 -2.6412 0.8386 0.8811 0.2532
-1 -1 -1 -1 -1 -1
-1 -1 -1 -1 -1 -1
-1 -1 -1 -1 -1 -1
-1 -1 -1 -1 -1 -1
-1 -1 -1 -1 -1 -1
-1 -1 -1 -1 -1 -1
-1 -1 -1 -1 -1 -1
-1 -1 -1 -1 -1 -1
-1 -1 -1 -1 -1 -1
-1 -1 -1 -1 -1 -1
-1 -1 -1 -1 -1 -1
-1 -1 -1 -1 -1 -1
84.9847 -32.1450 33.2519 0.9814 0.1680 0.0002
39.3740 -6.8855 72.6183 0.8745 0.1729 0.0781
6.7405 26.2748 103.5725 1.1282 0.5664 0.1475
-12.6641 47.9160 95.6031 0.9751 0.8574 0.0583
-59.7328 -10.0458 27.4275 0.4600 0.8330 0.0432
-109.6947 -23.1145 -49.0153 0.5066 1.0447 0.1123
128.9695 -4.8015 -68.9924 1.3945 0.5042 1.9999
-31.8244 8.6336 -94.4046 0.9292 0.5901 -0.1169
1.3588 48.3282 -53.6336 0.8462 0.8413 0.0688
10.4046 40.3130 -42.9008 0.8667 0.7056 0.0867
3.1298 30.4580 -33.0611 0.8652 0.7927 0.1321
-3.1145 11.3435 -21.0763 0.8477 0.7996 0.1755
0.9542 9.1908 -14.4351 0.8569 0.8621 0.1562
-0.5802 7.2595 -9.4275 0.8574 0.9204 0.1907
-4.2214 7.7863 -4.4580 0.8550 0.9265 0.1975
2.8931 10.2824 3.4046 0.8652 0.8909 0.2051
15.4809 4.1527 1.9771 0.8086 0.8315 0.3103
4.3969 8.4351 -1.7176 0.8726 0.8987 0.2095
1.5954 3.1069 -3.1145 0.8489 0.8965 0.2275
5.0000 1.2519 -3.5038 0.8452 0.9048 0.2344
1.9160 4.5649 -3.7863 0.8567 0.9070 0.2190
3.2214 3.7939 -3.2519 0.8552 0.9106 0.2407
2.6947 3.3588 -3.1374 0.8464 0.9050 0.2324
-1 -1 -1 -1 -1 -1
-1 -1 -1 -1 -1 -1
-1 -1 -1 -1 -1 -1
-1 -1 -1 -1 -1 -1
-1 -1 -1 -1 -1 -1
-1 -1 -1 -1 -1 -1
-1 -1 -1 -1 -1 -1
-1 -1 -1 -1 -1 -1
-1 -1 -1 -1 -1 -1
-1 -1 -1 -1 -1 -1
-1 -1 -1 -1 -1 -1
9.7939 -3.7405 -4.1298 0.8318 0.9526 0.1990
3.7634 -6.2443 4.6718 0.8574 0.9451 0.2258
3.4656 -13.0229 12.8702 0.8757 0.9121 0.1868
6.5344 -34.4962 15.9160 0.8550 0.8704 0.1797
15.0153 -62.1679 18.2366 0.8411 0.7773 0.0142
74.9618 -74.8015 37.7405 0.8804 0.8394 -0.0806
22.2672 -26.9847 72.9771 0.8992 0.6648 -0.2114
-115.1527 48.1298 86.7481 1.5598 0.5400 -0.0693
250.1298 110.6870 93.3511 0.3623 0.7671 0.2036
43.9618 21.5725 -31.0076 0.4028 0.7551 -0.1826
10.7786 -47.0382 -83.9008 0.7358 0.5859 0.2710
-22.5725 -43.9160 -87.3206 0.9019 0.1343 0.0793
-75.4733 -0.7328 -62.1527 0.8394 0.4849 0.1245
-87.5115 22.8779 -39.9160 0.8953 0.5544 0.0168
-35.4733 29.8321 -24.0382 0.8474 0.6836 0.1111
-5.5267 12.6947 -7.4962 0.8442 0.7126 0.0232
17.8550 11.4809 8.1069 1.0249 0.9333 -0.0569
15.3893 21.3130 -0.5344 0.9470 0.8486 0.2197
-1 -1 -1 -1 -1 -1
10.8397 10.1298 -1.6031 0.8062 0.9048 0.2791
6.3282 0.3282 -3.2366 0.8416 0.8931 0.2603
2.6260 2.3435 -3.7481 0.8359 0.8884 0.2471
2.1069 2.1069 -3.1603 0.8411 0.8853 0.2549
1.2977 1.9160 -2.8473 0.8442 0.8889 0.2571
-1 -1 -1 -1 -1 -1
2.0076 2.1527 -2.9084 0.8452 0.8848 0.2537
-1 -1 -1 -1 -1 -1
-1 -1 -1 -1 -1 -1
-1 -1 -1 -1 -1 -1
-1 -1 -1 -1 -1 -1
-1 -1 -1 -1 -1 -1
-1 -1 -1 -1 -1 -1
-1 -1 -1 -1 -1 -1
-1 -1 -1 -1 -1 -1
-1 -1 -1 -1 -1 -1
-1 -1 -1 -1 -1 -1
-1 -1 -1 -1 -1 -1
-15.3359 -17.4809 0.0153 0.7930 0.8501 0.1948
54.8168 -18.1985 -0.8244 0.9587 0.3643 0.3345
95.8626 -21.8702 61.7252 0.8989 0.0042 -0.1216
-8.1527 10.5573 97.9084 0.9189 0.3047 0.1357
-31.7328 22.9466 98.6260 0.9761 0.7419 0.1777
-70.4733 14.0992 46.3969 0.4968 0.8237 0.0242
-58.9771 -41.7863 -27.3817 0.4480 0.9944 0.1033
72.3283 -26.2519 -79.1985 1.1606 0.1816 1.8159
-21.8931 6.4809 -86.0992 0.8831 0.7124 -0.1597
-18.3893 46.4962 -44.8702 0.8738 0.6758 -0.0142
-0.4122 49.3969 -37.3817 0.8838 0.6455 0.0171
5.7176 32.5344 -34.0840 0.8118 0.8894 0.1677
-0.4504 8.5649 -20.2137 0.8657 0.8523 0.1494
11.5496 12.0534 -19.2824 0.8516 0.8867 0.1558
22.1145 11.0229 -13.1374 0.8367 1.0002 0.1858
-2.1908 9.1985 -6.1221 0.8679 0.9170 0.1951
-3.1756 13.0000 6.0000 0.8582 0.9314 0.1907
9.9084 5.6641 3.2595 0.8376 0.8779 0.2205
1.3130 -1.0534 -2.4885 0.8628 0.8806 0.2029
2.6031 2.9160 -1.7252 0.8604 0.8831 0.2085
4.8473 3.4962 -1.1374 0.8528 0.8923 0.2036
0.6031 3.7328 -3.9237 0.8528 0.8870 0.2029
3.0687 3.6107 -2.6947 0.8489 0.8960 0.2014
1.6947 2.9771 -3.2443 0.8582 0.8928 0.2136
-1 -1 -1 -1 -1 -1
-1 -1 -1 -1 -1 -1
-1 -1 -1 -1 -1 -1
-1 -1 -1 -1 -1 -1
-1 -1 -1 -1 -1 -1
-1 -1 -1 -1 -1 -1
-1 -1 -1 -1 -1 -1
-1 -1 -1 -1 -1 -1
-1 -1 -1 -1 -1 -1
-1 -1 -1 -1 -1 -1
3.5267 -3.2824 -6.4809 0.8396 0.9934 0.2410
-2.2061 -7.9389 8.0763 0.8616 0.8916 0.2014
0.6489 -15.6260 16.2748 0.8728 0.8906 0.1384
7.6260 -35.9771 23.4580 0.8572 0.8337 0.1311
13.5954 -54.9084 27.7176 0.8569 0.7129 0.0359
58.6947 -59.5496 48.8397 0.8628 0.8000 -0.1135
-69.9771 11.6183 106.2824 1.0642 0.7058 -0.2803
224.2824 107.2519 93.6870 0.7031 0.6157 0.3950
40.7023 24.2519 -24.6718 0.4480 1.2373 -0.1567
57.9160 -23.1679 -70.0305 0.6792 0.3760 0.1326
-12.2290 -3.3969 -80.0763 0.8486 0.5195 0.2119
-21.1069 13.4809 -60.5038 0.8752 0.4617 0.1318
-62.2595 23.0458 -44.0305 0.8953 0.5168 -0.0066
-62.7252 26.8550 -36.8931 0.8223 0.6917 0.1375
-9.1298 14.0229 0.5573 0.7861 0.4678 0.0728
-4.7099 11.2214 3.3053 0.9690 0.8379 0.2473
14.8550 18.1145 -4.6489 0.8564 0.9153 0.2065
3.0153 8.0916 -6.1221 0.8423 0.8599 0.2527
3.1756 2.7023 -3.7405 0.8525 0.8811 0.2354
4.6412 2.3969 -1.9084 0.8403 0.8792 0.2336
2.4122 3.2443 -2.8931 0.8523 0.8804 0.2307
3.7176 4.6336 -1.6336 0.8479 0.8916 0.2407
2.5344 2.0687 -1.4962 0.8403 0.8813 0.2297
3.0153 2.8168 -1.2595 0.8533 0.8750 0.2371
1.9237 3.6336 -1.6031 0.8533 0.8740 0.2297
2.8092 3.4122 -1.3511 0.8413 0.8669 0.2439
-1 -1 -1 -1 -1 -1
-1 -1 -1 -1 -1 -1
-1 -1 -1 -1 -1 -1
-1 -1 -1 -1 -1 -1
-1 -1 -1 -1 -1 -1
-1 -1 -1 -1 -1 -1
-1 -1 -1 -1 -1 -1
-1 -1 -1 -1 -1 -1
-1 -1 -1 -1 -1 -1
9.8702 -22.6031 -6.9084 0.9006 0.8164 0.0452
90.3359 -14.8244 29.8779 0.9697 0.1887 0.1509
54.4427 -0.4275 70.5878 0.9526 0.0918 0.1147
-26.1450 29.2672 100.5344 0.9758 0.2781 0.1602
-73.6718 24.6489 100.9313 0.8281 0.8472 0.0784
-53.9160 -23.6412 33.7023 0.6077 0.8704 0.0557
-110.8550 -125.1832 -118.3206 1.1453 1.9089 -0.7332
26.7099 8.1450 -103.0305 1.3022 0.4063 0.2156
-9.8473 38.0076 -72.5725 0.8757 0.6306 -0.1404
-1.0382 59.5573 -43.8015 0.8730 0.6929 0.0349
24.0840 59.0916 -38.5038 0.8582 0.7434 0.1072
6.9695 17.7099 -21.8702 0.8103 0.8840 0.2571
10.8626 -3.9084 -22.6718 0.8472 0.9385 0.2378
4.5038 4.5267 -17.3740 0.8787 0.9211 0.2268
-0.4122 3.0229 -10.7023 0.8462 1.0159 0.2241
-6.3511 10.5954 -5.7939 0.8467 0.9880 0.2302
-19.2290 6.8168 -7.5878 0.7813 0.9805 0.2542
2.5573 -9.0076 -3.8779 0.8481 0.8665 0.2183
2.8244 -2.5344 -1.9466 0.8762 0.9309 0.2180
4.7863 0.4885 -0.5649 0.8501 0.9429 0.2153
3.4504 1.8168 -0.2595 0.8530 0.9436 0.1997
3.6718 3.2137 -0.6870 0.8518 0.9363 0.2029
2.7557 2.5573 -1.2748 0.8416 0.9360 0.2031
2.0687 2.7863 -1.7328 0.8521 0.9363 0.2026
2.3206 2.8168 -1.5573 0.8496 0.9277 0.2090
2.5878 3.3740 -1.4580 0.8464 0.9180 0.2031
2.2366 3.8397 -1.5420 0.8550 0.9231 0.2078
-1 -1 -1 -1 -1 -1
-1 -1 -1 -1 -1 -1
-1 -1 -1 -1 -1 -1
-1 -1 -1 -1 -1 -1
-1 -1 -1 -1 -1 -1
-1 -1 -1 -1 -1 -1
-1 -1 -1 -1 -1 -1
-1 -1 -1 -1 -1 -1
-1 -1 -1 -1 -1 -1
2.9924 -4.4122 -5.4122 0.8467 0.9189 0.2124
2.6794 -11.7023 -6.4351 0.8247 0.9399 0.1772
6.7863 -7.6565 10.6107 0.8972 0.8855 0.1375
4.2214 -6.8015 21.1603 0.8486 0.9038 0.1533
-6.5573 -41.4122 17.7939 0.8418 0.8137 0.1462
25.5114 -62.1756 24.1679 0.8945 0.7595 0.0127
39.1908 -62.4733 59.8550 0.9387 0.7759 -0.1111
-117.0382 30.3664 101.6183 1.1450 0.4485 -0.3457
164.2901 115.2061 93.2824 0.6006 0.9731 0.6853
89.1069 29.7405 -39.3053 0.4915 1.0295 -0.2644
15.2061 -46.9924 -89.2061 0.8794 0.5645 0.1821
-43.8626 -0.9771 -90.9008 0.9248 -0.0818 0.0576
-40.8626 22.7405 -55.4351 0.8645 0.3867 -0.0146
-120.2595 29.7176 -44.9542 0.8833 0.6526 0.0266
16.1450 33.5802 4.2214 0.7952 0.3809 0.1765
4.3435 17.4427 3.5496 0.9377 0.9944 0.1755
34.3282 21.3664 1.4427 0.8901 0.8115 0.1892
4.1527 10.3511 -0.9160 0.8220 0.8774 0.2822
2.3817 2.0153 -2.5344 0.8555 0.8899 0.2532
2.6565 1.2519 -2.7023 0.8367 0.8813 0.2576
0.1450 3.1756 -4.2214 0.8369 0.8894 0.2603
3.0458 3.1450 -3.4580 0.8384 0.8884 0.2581
2.5344 3.3282 -3.5573 0.8364 0.8887 0.2717
1.3969 4.2214 -3.4275 0.8372 0.8867 0.2673
2.0687 3.4809 -2.7176 0.8391 0.8896 0.2725
2.6641 3.7710 -2.5496 0.8381 0.8896 0.2622
-1 -1 -1 -1 -1 -1
-1 -1 -1 -1 -1 -1
-1 -1 -1 -1 -1 -1
-1 -1 -1 -1 -1 -1
-1 -1 -1 -1 -1 -1
-1 -1 -1 -1 -1 -1
-1 -1 -1 -1 -1 -1
-1 -1 -1 -1 -1 -1
-4.6031 -22.3206 -6.7634 0.8503 0.8989 0.2556
4.7634 -35.8015 -12.1908 1.0042 0.7856 0.1995
28.8092 -33.3130 11.1908 0.9399 0.2261 -0.1189
69.1450 -28.4046 65.0382 0.8269 0.1172 0.0571
-1.8931 31.1756 107.6870 1.0679 0.3899 0.1763
-31.6718 53.5420 101.4657 0.8870 1.0044 0.0532
-66.4275 -1.1603 39.7099 0.4883 0.8660 0.0598
-79.1145 -24.1908 -33.2366 0.5645 1.0605 0.1130
131.1298 13.1756 -70.2824 1.2073 0.0737 1.9999
-32.9389 39.2290 -78.3359 0.9373 1.0410 -0.1108
-8.0076 39.7863 -49.9542 0.8569 0.5417 -0.0032
2.4733 27.4504 -44.9008 0.8933 0.7231 0.1003
3.3359 21.4122 -34.4122 0.8562 0.8457 0.1272
1.1756 16.5725 -17.8092 0.8955 0.8491 0.1272
3.2366 22.0458 -13.3817 0.8450 0.9326 0.2351
-1 -1 -1 -1 -1 -1
5.0458 4.2901 -5.5573 0.8440 0.9219 0.2073
4.7176 3.4046 -1.1985 0.8530 0.9429 0.2349
1.1298 2.3588 -2.3893 0.8445 0.9209 0.2209
4.3053 1.8092 -2.8015 0.8574 0.9263 0.2217
3.1756 5.8702 -1.7023 0.8486 0.9226 0.2175
2.9084 3.5344 -1.5496 0.8445 0.9341 0.2273
1.8779 2.9847 -2.0382 0.8437 0.9341 0.2187
2.8092 1.5649 -2.5420 0.8494 0.9287 0.2168
2.9542 2.7863 -2.0992 0.8545 0.9246 0.2200
2.3893 2.8779 -2.3817 0.8506 0.9282 0.2180
-1 -1 -1 -1 -1 -1
-1 -1 -1 -1 -1 -1
-1 -1 -1 -1 -1 -1
-1 -1 -1 -1 -1 -1
-1 -1 -1 -1 -1 -1
-1 -1 -1 -1 -1 -1
-1 -1 -1 -1 -1 -1
-1 -1 -1 -1 -1 -1
-1 -1 -1 -1 -1 -1
-1 -1 -1 -1 -1 -1
-1 -1 -1 -1 -1 -1
-1 -1 -1 -1 -1 -1
-1 -1 -1 -1 -1 -1
-1 -1 -1 -1 -1 -1
-1 -1 -1 -1 -1 -1
-3.6641 -6.2061 -19.8168 0.8640 0.9749 0.1523
2.0763 1.6031 -11.3740 0.8721 0.9529 0.1833
-1 -1 -1 -1 -1 -1
-1 -1 -1 -1 -1 -1
25.5954 -23.3282 0.5267 0.8899 0.9702 0.0876
27.5191 -36.9008 3.0382 0.8982 0.9561 0.0259
2.5267 -48.8702 6.6718 0.8918 0.9685 -0.0764
-16.5344 -66.2366 10.4351 1.0598 0.9758 0.0405
43.9084 -41.4656 16.1756 0.7522 1.0737 -0.1812
118.9771 -26.9771 12.3053 0.7007 0.8918 -0.4971
62.8779 3.3130 -2.5420 0.7444 0.7668 -0.4751
-9.5267 -2.9618 -11.7939 0.7734 0.6658 -0.4478
-0.5191 0.0458 -8.6641 0.7949 0.6797 -0.4238
-30.7252 -7.9466 -18.5573 0.7881 0.7937 -0.4106
-45.9389 0.0611 -18.2366 0.7393 0.8066 -0.2842
7.8397 -19.7786 -5.5649 0.8103 0.7856 -0.6772
7.8626 -17.2977 -6.4504 0.8008 0.8267 -0.7495
8.0687 -8.4656 -5.8931 0.7725 0.9490 -0.5278
8.5954 -1.8931 -2.2443 0.7246 0.8706 -0.5562
-5.6565 -5.9313 -1.4809 0.7451 0.8572 -0.5659
6.2519 -0.3664 -0.8321 0.7683 0.8525 -0.5300
23.8931 -6.7405 -6.0305 0.7278 0.8508 -0.5471
16.9160 -4.0840 -5.6641 0.7402 0.8828 -0.6077
-1 -1 -1 -1 -1 -1
-1 -1 -1 -1 -1 -1
-1 -1 -1 -1 -1 -1
-1 -1 -1 -1 -1 -1
-1 -1 -1 -1 -1 -1
16.5191 11.3511 -3.4809 0.6997 0.7808 -0.6116
1.1908 10.1603 0.2824 0.7229 0.8181 -0.5771
-8.6031 10.1756 3.0916 0.7075 0.7756 -0.6089
5.1374 10.4504 1.2595 0.7405 0.7761 -0.5544
36.0458 11.5725 -4.3893 0.7737 0.7363 -0.5146
30.5114 6.4198 -5.6412 0.7578 0.7051 -0.4688
-1 -1 -1 -1 -1 -1
-1 -1 -1 -1 -1 -1
-14.0229 -2.7710 -4.4733 0.7229 0.7385 -0.5491