4.5344 -2.6412 -5.0076 -0.0439 -0.0269 1.1797
1.6718 5.6412 -0.6412 -0.0476 0.0002 1.1804
-1.1603 10.0000 2.1527 -0.0457 0.0015 1.1750
2.5802 4.4733 -0.5802 -0.0510 0.0076 1.1743
0.1603 6.6107 1.7786 -0.0688 -0.0056 1.1726
-0.3435 6.3893 3.4580 -0.0510 -0.0017 1.1685
0.9618 2.3435 3.2366 -0.0837 0.0308 1.1782
0.2519 -11.1069 -32.2366 -0.0469 0.1394 1.1079
44.6565 55.8855 51.1450 -0.1528 0.1628 1.3762
-43.4275 -142.1985 -32.8779 0.1040 0.1355 1.2290
-64.0458 -77.7481 9.1756 -0.0854 0.3938 1.4592
-55.6031 -71.3970 154.5572 0.0466 -0.4482 1.5691
15.5344 -182.2748 1.0840 0.5315 0.3093 0.9209
-10.3359 -39.6641 -15.8779 0.5520 -0.1213 1.1118
23.2061 58.4885 23.1450 0.4829 -0.1567 1.0449
-8.1756 96.9389 8.4275 0.3635 -0.0908 1.0957
-98.1756 57.2290 -16.1679 0.0901 -0.4761 1.1982
23.6870 46.2519 12.5267 0.0710 -0.5317 1.1289
19.2061 -32.8779 -63.9389 -0.0525 -0.3906 1.0535
10.3817 -118.2137 -19.4885 0.1506 -0.4148 1.0974
-95.6183 33.2595 -19.4427 0.4573 -0.4871 1.0999
-108.7634 -41.1908 -154.3206 0.3884 -0.6897 1.1970
-201.7328 71.2519 241.3893 -0.1074 -0.8755 0.3245
-11.0992 2.5115 5.5954 0.3821 -0.8635 0.4836
-8.9618 -23.9847 10.3130 0.2161 -0.9990 0.2922
-50.1527 -22.0916 135.6717 0.4751 -1.0862 0.9214
-32.1756 -7.2672 33.2443 0.1367 -1.0474 0.5339
-42.1908 56.6565 -28.7176 -0.0244 -0.7307 0.4343
-0.8550 67.1603 -25.7939 -0.0020 -0.9976 0.6089
73.3664 66.0763 9.4427 -0.1196 -1.4358 0.5535
155.6641 28.3435 74.3664 -0.2842 -1.2095 0.7214
125.3817 40.6183 146.4427 -0.4243 -0.9832 0.7407
150.6947 -41.0305 143.9924 -0.1765 -0.3374 0.5251
-55.3435 -17.3511 98.2137 -0.3503 -0.2285 1.0388
-33.0229 133.4809 123.0382 -0.4897 -0.0881 1.2788
-12.4351 105.0840 77.2366 -0.5530 0.1421 0.8396
-18.5954 83.2137 -6.1985 -0.7068 0.0439 0.7500
-4.0840 46.5115 34.1985 -0.7947 0.1035 0.7495
-14.4046 6.8626 41.3206 -1.0859 -0.2361 0.8479
43.6565 -61.1374 115.7328 -0.9363 0.3315 1.1628
-7.8168 -33.1069 46.6336 -0.3640 -0.0510 0.6296
-146.0611 -22.4275 -104.3130 0.0149 0.0852 0.1716
-75.5802 -18.7252 -176.7863 -0.2300 0.0913 0.6721
77.6183 -16.2061 -250.1374 -0.4312 -0.8611 1.1379
83.3664 -75.4122 -221.8015 -0.1533 -0.8999 0.8499
-13.6489 -104.1145 -200.6412 0.2717 -0.8638 0.7971
-110.9313 -90.8397 -207.7633 0.6978 -0.9001 0.9216
-213.9924 -94.7023 -213.4962 0.9065 -0.8611 0.0979
-27.8015 -59.3969 -72.9160 0.8552 -0.7109 0.9224
50.0382 -1.6794 -2.9924 0.9434 -0.3132 0.3115
8.1603 0.0458 7.0229 0.9521 -0.3823 0.2988
7.6565 -5.0992 9.6336 0.9324 -0.3433 0.3081
-6.0382 -0.1298 -4.1450 0.9224 -0.3438 0.3523
-10.7176 3.2901 -4.4122 0.9146 -0.4067 0.2561
1.2901 -0.5878 -1.6489 0.9138 -0.3989 0.3081
6.1908 5.0687 0.1985 0.9321 -0.3867 0.2866
4.8397 4.2901 0.7405 0.9482 -0.3779 0.3076
2.8015 2.5038 0.2214 0.9282 -0.3477 0.2891
3.8015 2.2824 0.5878 0.9326 -0.3823 0.3020
5.4809 2.6718 1.9847 0.9497 -0.3694 0.2881
7.2595 1.4962 1.6718 0.9360 -0.3643 0.2878
10.0458 -1.8550 -0.4198 0.9268 -0.3777 0.2952
28.3206 3.7710 20.2443 0.9280 -0.4556 0.3386
37.8779 16.8168 40.3359 0.9170 -0.4131 0.3350
-3.8855 0.4122 -1.7939 0.9045 -0.3826 0.2800
0.1527 -4.0840 -13.8931 0.9080 -0.4304 0.2930
-1.4580 -3.1298 -9.0229 0.8884 -0.4685 0.4119
19.4427 3.8626 9.3817 0.8931 -0.4690 0.3376
34.3130 31.0153 34.4733 0.9705 -0.5715 0.5679
25.4504 52.3817 95.9313 0.8989 -0.7231 0.4629
52.2366 92.2595 179.3206 0.9309 -1.2927 0.9971
121.6412 57.2595 250.1298 0.3748 -1.6887 0.7441
144.3053 -6.6947 250.1298 0.3445 -1.0181 0.7407
133.6488 -3.8779 250.1298 0.0520 -0.0420 0.3525
94.1527 4.1221 146.9313 0.0469 0.4487 0.8589
113.4657 -22.5191 68.9924 -0.1619 0.1228 1.0027
24.7939 37.5573 -47.4198 -0.1665 0.4250 0.8572
6.5496 16.6412 -103.6565 -0.2717 0.1748 0.3835
-151.0153 -49.3893 -136.2595 -0.4385 -0.1846 0.2117
-217.4656 -51.4046 -134.4275 -0.6848 -0.3767 0.4932
-250.1374 -96.3893 -125.4580 -0.3210 -0.5779 0.6873
-205.1374 65.9160 -3.9084 -0.4861 -0.3381 0.8777
-150.5343 50.9466 -141.3588 -0.4050 -1.1003 -0.0840
-169.2595 65.5038 -225.1756 0.4475 -0.7104 -0.5586
-104.4351 250.1298 -62.6107 0.9946 -0.3652 -0.6604
-83.5725 101.5802 -31.8015 0.7476 -0.7720 -0.4529
-86.6947 114.2595 66.0763 1.5303 -0.6174 -0.2209
-0.8931 3.1145 75.3588 1.1899 -0.7129 -0.5759
141.2290 54.8244 26.4275 1.0117 -0.0649 0.5850
27.7786 -14.3588 118.9389 0.9116 -0.9092 0.4512
48.5573 11.6031 193.6717 0.7861 -1.4895 0.2244
-62.9008 -173.6107 219.9084 0.8047 -1.5503 -0.1794
76.7939 -172.9084 250.1298 0.4968 -1.2793 0.5569
152.2977 -94.8321 250.1298 -0.0361 -1.2266 0.1060
188.7176 16.9084 250.1298 -0.1658 -0.4526 0.5916
-113.3664 41.5649 165.4962 -0.2649 -0.1172 0.3650
-47.9618 -86.7176 65.1985 -0.3870 -0.5110 0.5427
-23.1908 -110.0000 -30.3130 -0.2097 -0.1223 0.6245
-80.6641 -81.7557 -91.2061 -0.3545 -0.0474 0.5803
-100.7328 -80.8244 -176.1069 -0.1799 0.0813 0.6389
-97.4657 17.2901 -226.1908 -0.0586 -0.5566 1.1006
-124.9313 166.7633 -101.8779 0.2139 -0.6321 0.6445
-233.0305 99.5496 41.1374 -0.3674 -0.2153 0.4377
-210.9084 49.7634 -248.8550 0.5537 -0.4414 -0.2681
-130.3740 75.1603 -156.7710 0.8853 -1.0884 -0.5747
68.3664 250.1298 -16.9389 1.4016 -1.0066 -0.7019
-124.8015 236.0611 -1.4504 1.2686 -0.4695 -0.1726
126.1756 83.8550 -147.0916 1.3154 -1.2603 0.1182
-128.6947 -39.5420 10.5420 0.7634 0.6523 1.4587
137.9084 13.8244 4.4122 1.0476 -0.2981 -0.0557
175.7863 85.4657 95.4351 0.7698 -0.5154 0.7410
-25.4122 -13.6336 120.5725 0.8223 -0.7881 0.5320
47.4504 -89.4962 189.8473 0.9832 -0.9829 0.2424
59.1069 13.8015 250.1298 0.8135 -1.3794 0.3889
36.9313 68.6870 250.1298 0.1362 -1.0737 0.1614
-49.0000 20.1069 210.9466 -0.3701 -0.5676 0.5957
-233.4809 -250.1374 103.2824 -0.0137 -0.8481 0.3235
57.6183 -250.1374 -39.2290 -0.0691 -0.5212 1.5271
108.4962 22.1985 -46.0763 -0.3398 -0.9941 1.5144
56.2901 29.1374 -25.1374 -0.2568 -0.7959 0.3254
104.0687 87.6489 -10.9237 -0.0432 -0.5225 0.4382
38.7557 3.4504 -65.5267 -0.0754 -0.1431 0.3105
-11.7634 -5.7863 -128.3893 -0.3264 0.0962 0.4285
-77.2443 -8.1603 -173.1908 -0.2983 -0.2170 1.1851
-247.4886 61.3130 -45.4885 -0.2307 -0.3091 0.6509
-250.1374 -84.1374 -26.9771 -0.6357 -1.2825 1.2827
-250.1374 17.6107 -186.8779 0.8774 -0.1646 -0.4312
-148.9924 84.4962 -250.1374 0.7783 -0.9026 -0.4097
-2.9695 250.1298 -39.1756 1.0815 -0.4512 -0.3513
-60.1298 210.8092 -45.0611 1.7490 -0.5371 -0.4304
-66.8321 -72.0992 98.3283 1.0044 -0.7251 0.1848
-9.9771 -7.5725 45.6718 1.0393 0.0840 1.4043
-12.2366 10.2137 -19.0992 0.9631 -0.4121 -0.0149
66.5267 4.6565 -15.2137 0.8596 -0.6550 0.1487
-62.5267 -12.9924 226.3969 1.0615 -1.9277 0.0073
25.6718 -202.9313 250.1298 1.1646 -1.2732 -0.2107
44.9847 -250.1374 150.9389 0.6941 -1.2632 -0.1985
-40.9466 -219.4886 173.2595 -0.0693 -0.8408 0.2205
185.7633 -9.7481 -0.5496 -0.3052 -0.6907 0.4382
111.2672 -17.5191 74.9237 0.1758 -0.6604 0.5037
22.3206 -17.6336 44.9313 0.0518 -0.2520 -0.2087
47.5038 -45.8855 -36.9466 -0.1897 -0.0696 0.3882
-13.3588 -46.6412 -175.4733 -0.3950 0.1138 0.7837
-76.8550 74.2519 -182.1756 -0.3042 -0.2190 1.1304
-250.1374 57.1832 -32.6260 -0.4138 -0.5000 0.4314
-250.1374 61.2824 -250.1374 0.1111 -0.5442 0.3623
-115.3893 -25.3664 -250.1374 1.0461 -0.4382 0.0403
-9.9084 241.2977 -68.5649 1.5852 -0.5540 0.1196
-170.7099 129.4198 -39.9771 1.7512 -0.7266 -0.4907
-211.6717 107.2672 -107.5954 0.9302 -1.7451 0.0110
95.6641 -65.4733 43.9237 0.9077 0.1277 1.0000
104.4580 13.6947 56.3282 1.0630 -0.1235 0.3210
1.1679 -27.9313 17.4351 0.8645 -0.3020 0.2363
71.5344 -14.8397 -0.6107 0.9768 -0.3445 0.3074
17.0382 16.0382 -7.4275 0.9165 -0.4695 0.2373
31.7634 -11.5725 14.9313 0.9871 -0.4480 0.1267
-123.2672 -162.8626 194.3511 1.3120 -1.3533 0.0352
88.5954 -169.6183 225.9389 1.0049 -1.1853 -0.5874
154.6336 -250.1374 165.0229 0.6851 -1.4773 -0.4751
79.3817 -179.9542 143.1145 0.2339 -0.7781 0.4246
241.4886 83.8855 110.9160 0.0232 -0.5840 -0.0393
133.4733 67.3359 100.0153 0.2776 -0.4880 0.0535
129.9237 -14.5954 25.2672 0.0107 -0.3396 0.3459
48.5573 45.3740 -59.0687 -0.3093 0.2444 0.2810
-106.5267 -62.8626 -233.7099 -0.8740 -0.3916 0.2092
-225.6260 -3.6565 -134.9160 -0.4128 -0.5120 1.3252
-250.1374 -0.8321 9.7176 -0.0498 -0.5188 0.6560
-146.3053 74.3206 -250.1374 0.9575 -0.8645 -0.5134
-16.1374 230.0153 -229.5725 1.0457 -0.6101 0.0073
-47.3664 180.1985 -55.2977 1.5000 -0.7693 -0.6167
-62.4962 -118.9008 -108.5954 1.9999 0.0215 0.3528
-67.9160 43.8550 45.7710 1.0195 -0.6387 0.0444
112.2290 -15.3206 -28.5802 0.9958 -0.2959 0.2246
32.4427 3.6260 32.6870 0.9080 -0.3044 -0.0403
28.1450 21.4275 2.1298 0.9106 -0.4404 0.0022
-27.0992 20.8855 8.7557 0.9832 -0.2117 0.1160
36.8931 -0.0916 57.4275 0.8716 -0.7007 0.4016
203.0305 -33.6794 203.4198 0.9578 -1.6248 0.0649
85.9695 -101.7634 250.1298 0.9146 -1.5500 -0.2446
-54.4351 -250.1374 244.7328 0.9260 -1.6694 -0.3987
-2.6718 -250.1374 250.1298 0.6880 -0.7302 -0.2422
133.2977 -56.6641 63.9389 -0.0825 -0.2673 0.7427
125.9084 -67.0305 67.6947 -0.2446 -0.5740 -0.0017
100.1756 37.0534 14.0305 -0.1707 -0.2024 0.4524
101.3359 -15.1221 -77.7099 -0.2625 -0.3450 0.5532
21.3969 -10.9008 -120.8931 -0.1604 -0.0344 0.4277
-62.2901 33.1527 -190.6717 -0.2720 -0.2834 0.6853
-193.5649 155.5496 -180.4962 0.0042 -0.3564 0.8167
-32.0076 250.1298 -250.1374 0.9231 -0.1792 -0.1826
109.0916 -11.5725 -250.1374 0.9778 -1.0874 0.0825
-85.5649 51.7710 -58.2748 1.4617 -0.8906 0.4646
-70.3970 100.4428 -8.3282 1.6079 -0.6919 0.1763
-34.3588 -25.0687 -139.7099 1.5127 -0.1697 0.5054
-109.6718 -59.5420 -51.5649 0.8962 -0.4829 0.9583
58.2214 -1.3817 120.0458 1.2646 -0.0273 0.3511
-47.7328 -17.6794 1.5954 0.9175 -0.2014 0.0686
27.4275 3.3130 16.5267 1.0352 -0.1738 0.1543
15.4046 10.1908 33.6183 0.9067 -0.5486 0.3777
246.7939 -49.7786 250.1298 0.9939 -1.2046 -0.0627
85.1221 -160.8626 241.8168 1.1343 -1.4583 0.3525
-38.5954 -208.1069 225.5954 0.6074 -1.6809 -0.1318
22.3435 -175.0763 250.1298 0.2092 -1.0857 -0.4060
154.6336 -83.1221 182.2519 0.4067 0.0071 0.3547
-6.4962 -55.9313 114.3053 -0.1392 -0.4070 0.3306
41.8473 -61.6412 35.4046 -0.3418 -0.6011 0.4048
36.5115 -47.9924 -12.0687 -0.3562 -0.1599 0.5493
-1.8702 -46.7405 -68.0382 -0.3877 -0.1519 0.7927
-62.1832 -6.0687 -203.4046 -0.2439 0.0320 0.7661
-229.0458 114.0534 -210.3206 -0.1067 -0.4331 0.9287
-250.1374 232.9542 -37.3893 -0.0513 0.3191 -0.0137
-30.5344 81.5725 -250.1374 0.9812 -1.0232 0.2683
-123.2672 120.3206 -115.7099 1.3267 -0.5745 0.3484
-13.6718 198.4351 -69.7710 1.8813 -0.6780 -0.0564
-245.5420 59.1221 -169.0763 1.5591 -0.4656 0.1980
-60.1069 -82.5191 -72.2214 1.0305 -0.2925 0.9675
100.1603 -39.4198 35.6260 1.0378 -0.2249 0.6699
140.3053 -14.1756 50.7252 1.0603 -0.2688 0.3445
-40.7481 -21.2290 52.9542 1.0188 -0.6121 0.2107
60.5802 -98.1069 204.7633 1.3926 -1.4175 0.0151
177.5191 -116.8855 241.2748 1.2761 -1.4333 0.2192
75.2977 -164.9618 250.1298 0.9407 -1.2410 -0.6428
109.5344 -133.0916 242.2443 0.1621 -0.8110 -0.2463
41.4275 -66.9160 192.4886 0.0886 -0.3616 0.0962
94.7405 -21.9237 79.9924 0.1958 -0.3254 0.8604
1.5191 -46.9924 89.6718 -0.0720 -0.3279 0.2454
-49.7023 -151.7023 -54.1679 -0.2156 -0.3267 0.6655
2.1985 -38.4275 -179.1374 0.0754 0.0159 1.0322
-78.3359 109.4351 -163.0611 -0.2202 -0.5955 1.1345
-181.4962 179.8168 -202.9160 -0.0400 -0.2466 0.7043
-250.1374 139.8626 -225.1603 0.3630 0.4412 0.5757
-89.4580 93.6107 -250.1374 1.0254 -0.6619 -0.1401
78.9695 152.8321 -68.7405 1.2112 -0.6860 -0.2048
-221.4504 94.4275 -5.1374 1.5422 -0.3074 0.1914
-250.1374 75.5725 -44.0153 1.2368 -0.4063 0.2354
18.6718 -55.7099 6.8626 1.0664 -0.5017 0.4663
126.9313 -74.9695 14.0763 0.9998 -0.2969 0.4314
-17.6260 -9.5954 -6.3435 0.9548 -0.3103 0.3557
44.8702 -7.7863 26.6870 1.0593 -0.5054 0.0835
67.1603 -51.0229 128.4962 1.2314 -1.5608 0.0847
82.1527 -187.4427 250.1298 1.5574 -1.5999 -0.4163
94.0916 -219.9313 250.1298 0.7476 -0.9949 -0.7551
193.3359 -134.4046 177.2137 0.0571 -0.2063 0.4578
22.1603 -92.6947 106.7863 0.0859 -0.1848 0.4343
130.2443 -72.6718 28.3511 -0.1448 -1.1501 0.7241
183.2366 -35.5649 -33.4962 -0.0918 -0.2380 0.1650
-72.8855 -157.5572 -168.3435 -0.2310 -0.1196 0.0813
-110.1603 -83.1221 -172.6641 -0.5303 -0.8125 0.9038
-109.8244 182.5649 -142.9313 0.1797 -0.5903 0.9604
-250.1374 58.6336 102.5344 -0.4246 -0.1528 0.2520
-224.9771 148.5267 -250.1374 0.4856 -0.1960 -0.3777
13.6947 250.1298 -189.8855 1.6025 -1.1250 -0.3899
-101.3970 109.7557 -34.6336 1.1262 -1.0256 0.1260
-213.0992 111.5954 -68.6870 1.3550 -0.2671 -0.0171
-37.2366 -54.1069 11.0153 0.9314 -0.5708 0.4556
13.9008 -65.9237 0.7481 0.9705 -0.2339 0.6848
12.7099 -16.0840 35.5115 1.0115 -0.1738 0.1880
36.0687 -19.7481 20.5725 0.9187 -0.3850 0.0432
41.3053 15.1756 77.5420 1.0903 -0.8970 -0.0901
174.3588 -140.0229 203.7481 1.3411 -1.6045 -0.1292
47.0305 -250.1374 250.1298 1.2930 -1.9917 -0.8618
147.3435 -208.3893 229.9924 0.5552 -0.2205 0.0481
160.2366 -44.5038 134.8397 -0.1233 -0.3909 0.2478
128.4962 69.5878 102.4122 0.1409 -0.3848 0.3916
-45.5573 -109.3664 40.2290 0.1973 -0.0920 0.1047
-3.7252 -77.4962 -75.3664 -0.2827 -0.2000 0.4373
-52.5344 -37.7786 -212.0840 -0.3765 -0.2878 0.6091
-171.4198 160.4046 -105.1450 -0.2009 -0.5916 1.5750
-250.1374 102.7939 71.5573 -0.3374 0.0061 0.4968
-250.1374 116.9008 -243.1756 0.8486 -0.0215 -0.2725
-33.2672 243.4656 -250.1374 1.6787 -0.4136 -0.4844
250.1298 250.1298 -139.7633 1.6816 -1.4297 -0.7622
-250.1374 108.5802 -65.2672 1.2764 -0.2273 0.6807
56.0000 35.8855 26.1298 1.0239 -0.2810 0.2761
-50.0992 16.3969 -40.5420 0.9504 -0.2476 0.6487
55.0382 -17.4046 8.2672 0.9663 -0.3423 0.4412
14.6870 -18.1908 2.8321 0.9683 -0.2720 0.3953
44.2824 -22.5878 17.9313 0.9873 -0.2625 0.2336
19.4809 -8.4198 21.4504 0.9285 -0.5508 0.3254
-70.2061 -62.7099 167.5954 1.3557 -1.3733 0.0186
-74.7863 -169.1221 250.1298 1.3777 -1.5435 -0.0405
81.5649 -199.1450 250.1298 0.5313 -1.4890 -0.9810
-31.5802 -206.6641 168.8244 0.2507 -0.0955 0.1079
141.1221 -21.3817 27.3969 -0.1042 -0.7800 0.1113
109.8244 -73.9313 68.8473 0.1899 -0.6316 -0.2273
93.4275 -134.9847 -87.2672 -0.0525 -0.1877 0.1785
-105.7405 -22.5267 -215.4046 -0.1147 -0.0825 0.3120
-215.5114 60.6107 -154.6717 -0.4199 -0.6328 1.0425
-250.1374 95.7786 -120.1374 0.0623 -0.2700 -0.2429
-111.1832 55.0076 -250.1374 1.0178 -0.6353 -0.0383
120.0611 149.1069 -120.8702 0.9907 -0.8442 0.0239
54.5038 15.3435 -60.8550 1.4719 -0.4390 0.1099
-44.9466 122.8473 20.7405 1.3735 -0.2988 -0.0967
-53.4504 -66.1985 -122.0076 1.4033 -0.4287 0.4658
-131.3511 17.7863 35.7557 1.0879 -0.2268 0.4211
73.2824 -19.9008 53.2824 1.1443 -0.0183 0.4778
27.1985 -11.3435 2.8626 0.9495 -0.4124 0.2600
-9.7863 -15.3282 37.9924 1.1201 -0.6501 0.0662
-134.1832 -58.8244 228.1527 1.3108 -1.4890 -0.1445
-16.9008 -195.0229 185.3588 0.9775 -0.7756 -0.5200
68.7328 -144.6641 159.8626 0.5684 -1.4236 -0.8325
95.6183 -250.1374 175.1374 0.6013 -0.2383 0.4453
157.3740 -13.3130 106.9160 0.0215 -0.5200 0.1995
-0.8473 -228.5191 54.6489 0.2646 -0.2683 -0.2275
62.5878 -111.1985 -105.2901 0.0222 0.0073 0.4673
-80.0458 -17.6412 -221.3130 -0.0132 -0.2329 0.7119
-150.6641 161.7939 -128.6183 -0.2756 -0.7690 0.7024
-250.1374 162.9084 19.2748 -0.2375 0.2839 0.4324
-250.1374 -14.3053 -234.5267 0.4634 -0.6680 -0.4600
-73.3970 179.6870 -250.1374 0.9624 -1.0471 -0.9531
38.8702 204.2748 11.3206 1.3420 -0.5300 -0.3889
-26.0076 -18.7252 -52.9771 1.3777 -0.4858 -0.2639
-0.4504 119.8168 2.8397 1.0259 -0.4475 0.4514
12.4962 63.6031 23.9695 1.1194 -0.1064 0.3169
33.4122 10.6947 10.2137 0.9539 -0.2524 0.2361
17.5344 1.8015 0.8855 0.9802 -0.0945 0.2703
2.4962 -1.4885 -4.6794 0.9976 -0.2551 0.2783
4.3053 -8.1756 -3.3664 0.9644 -0.2615 0.2966
14.7252 6.0000 53.5954 1.0396 -0.7383 0.2205
-46.2443 -56.2901 204.3282 1.2905 -1.4087 0.2285
-50.6489 -250.1374 228.1603 1.4456 -1.4229 -0.7900
39.9008 -250.1374 246.5343 0.6455 -1.3054 -0.9268
125.8550 -242.2977 106.0840 0.5691 -0.1172 0.1316
229.3053 12.5725 64.3206 -0.1653 -0.6738 -0.0701
140.2443 -103.7176 64.6107 0.0872 -0.4729 0.0215
46.7557 -114.4428 -44.9771 0.1318 0.1128 0.3640
-76.7176 11.9008 -222.1221 -0.1841 0.0154 0.7361
-163.5572 142.8931 -183.8473 -0.0771 -0.5637 0.3799
-220.6947 249.2061 -122.3970 0.0276 -0.5110 0.3916
-7.5115 173.8321 -250.1374 1.8689 -0.7485 0.3982
158.7099 198.5649 -250.1374 1.7693 -1.3088 -0.3821
-119.8550 40.6183 -33.2519 1.9473 -0.2200 0.2773
-172.3282 -21.8244 -65.4580 1.0469 -1.0610 0.4563
32.5496 5.5496 46.9313 1.0186 -0.1147 0.6865
-40.5496 25.5954 -14.5496 0.9590 -0.0720 0.5027
19.2595 11.9847 -3.6489 0.9519 -0.3145 0.4492
-3.0534 -16.9160 6.2214 0.9514 -0.3142 0.3953
72.9466 -15.2366 28.7863 0.9854 -0.3899 0.2881
7.2824 -38.5649 86.5038 1.2034 -1.1687 0.1951
-58.7176 -180.6183 250.1298 1.8247 -1.7393 -0.3997
81.6947 -215.1985 250.1298 1.0962 -0.9668 -0.3289
117.1985 -144.3435 250.1298 0.6543 -0.7478 -0.7805
182.3206 -91.3970 125.7557 -0.0498 -0.7065 0.0391
22.6107 -81.4122 23.2214 -0.0928 -0.2778 0.3699
29.3282 -73.9160 -65.3740 -0.1560 -0.0286 0.2112
-63.3817 -60.4122 -223.6183 -0.1226 -0.0154 0.7451
-165.3053 121.4122 -136.9771 -0.2813 -0.6208 0.9844
-250.1374 238.8168 -10.1832 0.0691 -0.0276 0.6528
-119.3283 80.0153 -250.1374 0.9480 -0.3142 -0.0317
27.7405 250.1298 -186.6412 1.8379 -0.5769 -0.2754
-211.0305 190.0000 -47.4427 1.9999 -0.2307 0.6489
-163.2901 6.9084 -123.0000 1.2241 -0.6301 1.0361
83.0229 -32.4504 5.1145 0.9556 -0.0303 0.9072
-44.0076 -21.3359 26.0992 1.0081 -0.1768 0.1912
12.2137 -14.0458 10.1985 0.8875 -0.1550 0.4250
20.8702 -13.4733 -27.3664 1.0674 -0.2532 0.3120
53.2137 -29.6794 37.9618 0.9939 -0.4167 0.2981
-163.1985 -34.6183 -12.9237 1.5364 -0.5623 0.0176
-27.8015 -190.7405 221.2595 1.9053 -0.9551 -0.5088
30.5038 -250.1374 250.1298 1.6067 -1.2861 -0.9807
-13.2214 -250.1374 246.9084 0.6238 -0.2554 -0.1716
192.0992 -185.2214 57.0076 -0.0820 -0.6125 0.0037
61.3206 -39.8244 64.8779 0.0789 -0.4009 -0.1392
60.2824 -70.8473 11.6641 0.0164 -0.1013 0.2253
-25.9542 -16.8168 -130.9237 -0.3054 0.0645 0.6099
-146.2366 177.2290 -204.3740 -0.2290 -0.2415 0.7961
-250.1374 250.1298 -38.9084 -0.2861 -0.4045 0.3962
-132.4580 250.1298 -250.1374 1.1099 0.2605 -0.3948
235.4580 153.2061 -164.8626 1.6311 -1.2727 -0.6604
-101.1450 138.9924 -148.6107 1.5237 -1.6316 0.5234
-250.1374 65.4351 -85.2290 1.1147 -0.3479 0.1978
55.3664 -18.7557 3.3740 1.0564 0.0425 0.5647
34.9084 -14.1832 14.5496 1.1123 -0.0234 0.5999
8.2137 -9.8473 13.1374 1.0186 -0.0259 0.3152
7.0229 -3.7023 -5.6870 0.9722 -0.2744 0.2522
28.0611 6.8015 -0.3206 0.9690 -0.3088 0.2881
-38.0840 -46.9542 87.8626 0.9980 -1.0469 0.0093
99.3359 -250.1374 209.4656 1.4004 -1.4600 -0.8833
148.9160 -250.1374 190.7939 1.2620 -1.2710 -0.7156
63.3435 -168.1069 241.0611 0.5103 -0.7903 -0.2542
107.0534 -98.8168 166.6107 0.1692 -0.4558 -0.4136
72.3130 -72.2595 91.3053 -0.0327 -0.4475 -0.0911
-36.1679 -89.3893 -37.3359 0.0325 0.3279 0.1804
-61.2824 30.5573 -250.1374 -0.1550 -0.1196 0.5876
-196.3053 113.0458 -67.9466 -0.3433 -0.6543 0.3562
-228.5649 158.0840 -120.5725 -0.1025 -0.2178 -0.1189
-101.9771 88.5191 -250.1374 0.7393 -1.2249 -0.3247
250.1298 171.7786 -132.9924 1.4319 -1.2781 -0.5691
-250.1374 175.5191 18.6794 1.4458 -0.3367 0.1890
-1.9695 -15.6031 57.1450 1.0396 -0.3699 -0.1492
-139.3053 -0.2290 -61.4122 1.0813 -0.0762 1.0242
32.0687 -5.9542 -4.3435 1.0254 -0.0154 -0.0129
-28.1756 5.6641 -6.4504 0.9844 -0.2156 0.3035
-39.5420 -3.7328 10.1832 1.0283 -0.2371 0.1316
26.6489 2.6336 -5.4656 0.9741 -0.2842 0.2947
50.1450 -3.7481 31.7786 0.8931 -0.6204 0.2368
136.6947 -160.4733 213.6260 1.1506 -1.3701 -0.0771
-31.9237 -208.0687 229.6412 1.1729 -1.4707 -0.4167
122.7405 -208.3740 211.0458 0.2644 -1.0317 -0.6638
50.3359 -199.9313 176.2977 0.4023 -0.6594 -0.2051
148.1985 -65.7939 140.4504 0.2771 -0.8608 -0.3970
73.0000 -103.5344 25.4962 0.1848 0.1218 0.1030
77.2061 -47.0229 -121.3664 0.0012 0.1580 0.2957
-152.3588 -54.8626 -250.1374 -0.0112 -0.4573 0.8259
-250.1374 137.4809 4.0153 -0.1824 -0.4692 0.3513
-205.1450 79.8931 -250.1374 0.4041 -0.6426 -1.1182
-11.6718 87.1374 -250.1374 1.1797 -0.5020 -0.4314
-20.0840 160.5572 -69.2824 1.9709 -0.5835 -0.3604
-175.3817 104.0458 65.4733 1.9999 0.1052 -0.1953
177.2824 -105.4275 15.0763 1.1243 -0.1536 0.3726
200.0458 3.8015 -0.9771 1.0388 0.0127 0.6692
-3.0382 -14.7328 49.1908 0.9771 -0.2839 0.1118
-23.3206 2.5649 21.7557 0.9556 -0.0222 0.0203
37.0534 13.9695 -12.4809 0.9839 -0.2607 0.1357
-6.0916 2.9160 8.8321 0.9905 -0.2935 0.1411
8.7557 6.4122 6.2137 0.9900 -0.2354 0.1865
-0.3511 8.9084 -18.3130 0.9937 -0.7288 0.2463
75.7939 -38.1145 224.9389 1.7451 -1.9705 0.0869
-59.4580 -243.8779 250.1298 1.9687 -1.5305 -1.3337
101.6489 -250.1374 221.2824 0.8936 -0.1179 -0.1169
250.1298 -13.9160 139.5114 0.0208 -0.6433 0.1509
46.8397 -17.6794 188.2519 0.1904 -0.2913 -0.1475
-47.8550 -128.3664 -8.1450 0.0681 0.0066 -0.3906
-22.5114 -27.7634 -214.4809 -0.3784 0.0813 0.6924
-250.1374 91.2977 -198.2824 -0.2063 -0.5137 1.0813
-250.1374 250.1298 -219.7557 0.7344 0.2139 -0.6802
105.3053 181.5649 -224.3740 1.1270 -0.9763 -0.4414
-94.6641 50.5115 -116.0076 1.9999 -0.2214 0.0215
-181.0076 134.8168 -175.1145 1.6470 -1.1909 -0.1194
-74.4657 -57.6641 125.8473 0.6824 -0.0303 1.9999
-0.6489 -71.2748 11.4580 0.9753 -0.2971 -0.1528
48.1374 1.0229 -4.7557 0.9026 -0.2524 0.1028
30.4198 0.8168 5.2748 1.0051 -0.1975 0.1321
41.8244 -0.4885 2.7710 0.9907 -0.2104 0.2100
34.2519 -3.8092 -2.3740 1.0107 -0.2363 0.1711
47.7405 4.8779 -19.9084 1.0544 -0.3501 0.0051
114.3206 -5.3893 112.6183 1.2942 -1.0637 0.2124
82.2061 -74.5115 250.1298 1.8062 -1.4792 0.0903
46.8626 -250.1374 250.1298 1.7073 -1.1199 -0.9543
47.8092 -250.1374 200.7557 0.4778 -0.2456 0.3137
147.3130 -109.4122 127.2519 0.0449 -1.0791 0.0605
62.7863 -88.8321 109.1756 0.1377 0.2832 0.0796
-36.0992 -43.9695 -93.5038 0.1018 0.2249 0.5715
-107.9618 70.6641 -238.6031 0.0208 0.3887 0.3516
-250.1374 203.7710 -182.9695 -0.2854 -0.4785 0.3115
-55.0534 250.1298 -250.1374 1.5891 -0.6697 -0.3975
70.6794 82.3588 -116.7099 0.8118 -1.2644 -0.4180
-182.2137 -23.0763 -189.8397 1.7607 -0.4644 0.0662
-250.1374 74.4962 18.4427 1.2529 -1.4124 -0.1501
-0.4809 -7.5573 1.9084 1.0325 -0.0967 0.2136
93.3435 18.9924 -7.2824 0.9973 -0.1746 0.4614
97.0076 4.8931 48.4580 0.9783 -0.2510 0.2473
40.1832 -4.6794 28.6107 0.9714 -0.2629 0.1621
15.7328 -10.0534 12.9160 0.9138 -0.3032 0.0669
56.8244 -19.0458 6.0611 0.9800 -0.4121 0.1892
-15.6183 -0.0229 23.9008 0.9758 -0.7168 0.0586
127.6031 -95.6947 193.0305 1.2842 -1.7634 -0.1128
106.4580 -235.9542 250.1298 1.3608 -2.0000 -0.8269
117.9771 -249.8473 198.9771 0.7200 -0.1294 -0.2217
228.3130 -33.1679 35.6260 0.0603 -0.6484 0.2522
118.4046 4.8779 87.7786 0.2817 -0.7366 0.1169
104.1908 -10.0382 27.8931 0.1431 0.1116 0.0085
-57.5725 -75.4733 -183.3053 -0.0801 0.5779 0.2593
-250.1374 133.4504 -246.3130 -0.2065 -0.2981 1.0532
-250.1374 227.3435 -74.7099 0.1050 0.6555 -0.6250
-43.9237 33.8473 -250.1374 1.3521 -1.5564 -0.7913
-46.3435 175.1221 -121.0687 1.6970 -0.5757 -0.5627
-209.1221 53.7939 2.5878 1.4458 -0.8499 -0.2451
31.1221 -44.5420 71.9008 1.0889 -0.1936 0.2712
15.7786 21.0916 3.4198 1.1855 -0.0640 0.4851
70.2977 -18.0992 -0.7481 1.0469 -0.1013 0.0615
-33.2366 4.2290 8.6336 1.0173 -0.1260 0.0681
0.8931 1.7786 -6.0458 0.9622 -0.3618 0.1199
60.0840 -21.0000 21.1450 0.9360 -0.3572 0.1794
67.7405 17.6718 46.0458 0.9231 -0.8611 0.2332
145.9466 -28.1679 196.6260 1.3984 -1.4646 0.1428
69.3435 -101.7710 245.6107 1.6184 -1.6174 -0.1963
-75.9924 -193.1985 250.1298 1.2317 -0.9053 -0.5647
53.9389 -91.2595 73.7405 0.2097 0.7114 1.4448
182.6488 -33.3053 129.1603 0.0237 -0.9326 -0.0215
120.0305 -87.2672 55.5573 0.0627 -0.3140 0.1794
77.3511 -108.5420 -56.2519 0.1604 -0.0403 0.3945
-109.7023 -2.9008 -193.1527 0.1936 0.2004 0.8950
-250.1374 231.0305 -58.2519 -0.0991 -0.1934 0.7202
-250.1374 175.5038 51.3511 -0.8350 -0.0183 -0.2876
-55.2214 250.1298 -250.1374 1.4326 -0.1956 -0.5811
3.4656 198.9008 -250.1374 1.9241 -0.5967 -1.0762
-148.9695 141.0000 103.6870 1.1697 -1.2581 -0.4570
-27.6870 47.5496 38.1221 0.9353 -0.2334 0.0469
12.7099 71.7405 -27.0534 1.0918 -0.2720 0.4348
107.4275 0.7710 81.9084 1.0325 -0.0059 0.3113
-76.0992 -1.4733 7.0076 1.0090 -0.2175 0.1396
-17.8702 34.7481 -7.6718 0.9126 -0.4685 0.2800
90.1679 9.1298 102.5878 0.9060 -0.6577 0.4526
17.0153 -59.2137 187.5038 1.0947 -1.3640 0.1162
37.1450 -235.4809 250.1298 1.1858 -1.6951 -0.2656
245.5954 -196.9084 250.1298 0.7007 -2.0000 -0.3513
218.3893 -141.6565 250.1298 0.6855 0.3223 0.2964
11.8015 -52.7252 84.7863 0.2427 -0.3921 0.1877
39.3130 -124.0229 24.0534 0.0649 -0.4260 -0.4307
127.4428 -169.7481 -195.0000 0.3770 0.2673 1.2131
-196.2214 39.0916 -235.7786 -0.2522 -0.1958 0.5425
-250.1374 159.4275 -114.1527 -0.6365 -0.5630 0.5383
-250.1374 165.1985 -45.1756 -0.4050 -0.3816 0.0957
129.8015 250.1298 -250.1374 1.6990 -1.0239 0.0437
-56.9924 37.2137 -23.2672 1.3154 -0.4524 -0.3306
-42.3130 46.1450 -199.4198 1.9999 -0.6206 0.0874
-114.4122 -91.1450 21.4046 1.0100 -0.9561 0.1978
134.0992 -4.0916 48.7252 1.0112 -0.2842 -0.0208
-64.9313 -17.6641 8.7710 0.9041 -0.2485 0.2561
51.5267 -13.9771 6.0840 0.9468 -0.3167 0.0178
-12.2977 8.9695 2.0916 1.0061 -0.3215 0.1379
28.2824 -12.5344 2.2137 0.9744 -0.2810 0.1531
21.8244 5.2290 5.1603 0.9609 -0.3625 0.0991
59.7939 -27.8702 105.3053 0.8086 -1.2878 0.1843
13.4046 -176.9237 250.1298 1.7756 -2.0000 -0.4055
102.6260 -250.1374 250.1298 1.5161 -1.8618 -1.5913
153.1221 -250.1374 177.6031 0.6667 -0.1033 0.0764
64.2137 -140.2366 93.6107 0.1880 -0.5559 0.1072
3.1756 -88.4351 -16.1908 0.0259 0.0308 0.1423
-109.0687 -40.3969 -82.5573 -0.0718 0.2678 0.7290
-189.1145 56.2443 -250.1374 0.2500 0.2603 0.9546
-250.1374 250.1298 -95.7634 -0.0076 -0.3684 0.8535
-250.1374 200.6870 -205.2824 -0.1482 -0.5583 -1.2532
-90.4580 250.1298 -87.4962 1.0815 -0.9285 -0.3987
250.1298 -99.4962 -122.0458 1.7642 -0.9319 0.2109
-81.3130 51.9847 -185.1832 1.4346 -2.0000 0.4639
116.4275 29.9695 0.8550 0.9768 0.1287 0.6089
-149.9084 -38.1985 38.3435 1.0974 -0.1755 0.2881
16.8626 -11.5344 -25.3435 0.9097 -0.3948 0.2571
-28.3130 0.0916 -7.8626 0.9741 -0.3164 0.1233
28.9160 1.2290 4.7557 0.9980 -0.2896 0.2478
-31.3969 20.4427 72.5725 1.0725 -0.6887 0.2405
191.9466 -127.9389 172.3664 1.2839 -1.5649 0.3845
154.6870 -98.8626 250.1298 1.4519 -2.0000 -0.3313
74.0992 -198.7710 250.1298 0.9312 -0.7378 -0.9343
132.7099 -166.1221 145.7023 0.1443 0.0830 0.2498
250.1298 -101.0305 -12.1374 0.1890 -0.5200 0.0847
34.2595 -69.0382 8.5649 0.1133 0.1653 0.1643
-54.6794 -19.6489 -93.6031 0.1790 0.4734 0.5942
-198.2290 98.4046 -250.1374 0.3987 -0.1216 0.7700
-250.1374 131.0687 -2.2214 -0.1738 -0.2622 0.0491
-250.1374 178.1374 -176.3817 0.3130 -0.4802 -0.9893
57.2519 250.1298 -136.1603 1.8191 -0.8530 -0.7861
-250.1374 81.9084 -125.0000 1.4900 -0.7991 -0.1116
57.2977 27.1527 -126.5573 1.4592 -1.0750 0.1350
47.5802 16.0229 73.1145 1.1360 0.1355 1.1155
18.4809 1.9847 -4.9618 1.1223 -0.0027 -0.0142
-9.1145 -19.5573 20.6336 0.9219 -0.3115 0.1826
4.2901 4.7710 2.0916 0.9963 -0.2427 0.0461
44.0534 -2.2290 12.4427 0.9963 -0.2581 0.3254
-29.4733 -11.4046 4.2137 0.9453 -0.2764 0.1406
26.0458 -4.7710 -3.4656 0.9609 -0.3589 0.1118
-68.1145 -25.6641 31.7405 0.9329 -0.9817 0.0151
88.9237 -132.1756 233.4122 1.2961 -1.6187 -0.3237
45.9237 -250.1374 246.8855 1.2996 -1.8687 -1.3008
166.5191 -250.1374 148.3511 0.6648 -0.3394 -1.0251
250.1298 -105.4046 149.2977 0.2009 -0.3279 -0.0901
116.7939 -24.4122 112.1298 0.3269 -0.0867 -0.2146
-9.4885 -68.2901 -15.1221 0.0330 0.0857 0.2769
-82.7405 12.2519 -214.7328 0.0798 0.2690 0.7961
-228.6031 217.0229 -230.0840 -0.3088 -0.6877 0.2688
-221.2901 250.1298 -50.6641 -0.3013 -0.0820 -0.6787
-155.0229 250.1298 -97.6336 0.5776 -1.2007 -0.3589
250.1298 49.0000 -146.5343 1.9999 -1.4192 -0.4854
39.4046 -18.0229 -143.2519 1.0991 -1.7185 0.1130
23.0763 -40.6183 10.7481 0.9531 -0.0945 0.4971
100.1298 -29.2901 -2.6412 1.0217 -0.2427 0.3210
38.3435 -1.5191 -7.9008 0.9873 -0.2700 0.0879
33.2901 -17.0840 8.5954 0.9426 -0.4124 0.1794
66.4657 -7.4504 53.6489 0.9348 -0.4998 0.1182
-7.1221 5.1756 78.2290 0.9546 -0.8169 0.1804
-28.2061 -79.9084 191.6183 1.2073 -1.7019 -0.0002
-85.0840 -188.5496 250.1298 1.3269 -1.5417 -0.2639
62.4275 -194.9160 250.1298 0.6599 -1.1694 -0.6257
172.7328 -203.6794 137.3664 0.0181 -0.1228 0.4209
129.2519 -21.0458 122.6641 0.2090 -0.7991 0.1064
44.3053 -138.8779 22.8244 0.2234 -0.0754 0.1646
-53.3893 -18.6336 -127.3130 -0.0466 0.4854 0.8184
-212.7328 215.2366 -250.1374 0.3379 0.1260 0.7595
-58.3740 250.1298 -250.1374 0.4971 -0.8809 -0.2935
250.1298 -22.1145 -250.1374 1.2639 -1.3208 -0.3152
-79.1679 -68.2290 -192.0992 1.5984 -1.0249 0.4778
-214.3130 32.7099 -104.2901 1.2798 -0.8582 0.5063
-75.5420 -5.4656 -91.3359 1.1184 -0.8618 0.2415
205.8244 8.1450 50.1298 1.0845 -0.0244 0.3352
-76.2137 -22.0840 24.7557 0.9221 -0.4338 0.1899
28.5725 -3.6260 5.1603 0.8816 -0.2227 0.1953
42.8702 18.7099 -20.3664 0.9548 -0.4731 0.2280
30.2519 10.5954 75.3740 0.9421 -0.8689 0.2388
-118.4886 -55.0000 201.3740 1.0930 -1.5276 0.1304
54.0458 -171.3359 250.1298 0.9263 -2.0000 -0.1494
-100.7634 -250.1374 250.1298 0.7590 -1.3098 -0.8391
173.2824 -227.0916 156.5420 0.1069 -0.0811 0.4153
154.0153 -86.4351 88.9389 -0.0139 -0.8523 0.5598
42.6336 -54.9008 40.6260 0.1382 -0.0059 0.0381
-25.2214 -68.6870 -105.6336 0.0640 0.4329 0.6687
-106.6412 74.8168 -250.1374 0.0762 0.2283 1.1162
-250.1374 250.1298 -128.0000 0.1724 -0.4524 0.3940
-29.4275 161.6183 -250.1374 0.3762 -1.2219 -0.7158
94.3435 132.8321 -250.1374 1.4038 -1.1558 0.2617
-250.1374 45.8550 -169.0916 1.6768 -0.6353 -0.0457
-212.1145 169.3817 -42.3664 1.3235 -1.2461 -0.5764
-53.3588 -86.4504 40.7710 1.2834 0.4856 1.0964
42.9618 12.9771 -34.6489 1.0046 -0.4983 -0.1653
15.5802 -13.9695 3.5420 0.8774 -0.2888 0.1890
28.3206 1.9313 -3.3359 0.9573 -0.3635 0.1895
32.7176 -11.8702 -1.3664 0.9673 -0.3818 0.1963
43.4733 -9.5496 9.2672 0.9670 -0.4004 0.2705
-100.3435 -63.4504 140.9313 1.2056 -1.5278 -0.0044
12.5496 -136.8168 250.1298 1.3459 -2.0000 -0.4829
115.5878 -209.2977 250.1298 0.9514 -1.4038 -0.9204
212.9695 -197.5802 241.1603 0.4353 -0.4976 -0.2039
75.1221 -44.8473 191.1832 0.5015 -0.3970 -0.0259
22.4122 -139.7557 -23.4656 0.2625 0.3374 0.1587
-33.8473 -63.5038 -188.5725 0.1794 0.1077 0.9502
-160.2901 190.3893 -226.1527 -0.0449 -0.2769 0.6768
-215.7633 250.1298 -130.5496 -0.0352 -0.3718 0.0564
-51.1908 158.1450 -250.1374 0.3596 -1.9504 0.0444
229.5496 -129.4580 -185.0611 1.1121 -0.3975 -0.4473
-103.8702 63.9237 -79.8168 1.9097 -0.4187 -0.0112
68.1221 11.4122 -250.1374 1.8743 -1.3735 0.4587
-250.1374 50.0076 89.2443 1.0088 0.4099 1.1113
81.0305 -30.0992 30.4733 1.1274 0.0654 0.0247
29.1603 -21.1603 -7.2290 1.0452 -0.0999 0.3831
22.1679 3.1832 6.6947 1.0334 -0.2590 0.1782
8.6794 -4.1221 23.8702 1.0059 -0.2710 0.1519
17.2672 -0.1679 16.9771 0.9778 -0.2415 0.1477
17.0076 -2.2137 77.0229 1.0574 -0.9946 0.2527
-52.7405 -64.8015 172.9466 1.4236 -1.4929 -0.2668
35.1679 -250.1374 250.1298 1.2576 -1.3325 -0.6660
195.2901 -225.2214 250.1298 0.6719 -0.8320 -0.4075
250.1298 -109.8321 130.2290 0.1265 -0.5867 0.2285
83.8321 38.3893 177.7328 0.2549 -0.0840 -0.0249
-62.2672 5.4885 78.4046 0.1980 0.5300 0.4304
-147.4809 9.9618 -218.1374 0.0908 0.5659 0.8696
-250.1374 250.1298 -230.2595 0.0256 -0.3997 0.5872
-232.0076 250.1298 -157.7099 0.4695 0.2019 -0.9131
-72.6412 250.1298 -227.5878 1.0276 -1.6616 -1.3040
250.1298 -101.2595 -29.4504 1.3950 -1.6248 -0.6711
106.9771 28.9618 -130.6794 1.3665 -1.6897 0.5288
248.0382 -54.9618 79.4046 1.1455 -0.1211 0.3472
65.5649 -81.2061 7.0305 0.8530 -0.2083 0.4424
47.9084 -7.9771 18.2061 0.9275 -0.3501 0.0552
9.7023 10.6260 17.8550 0.9495 -0.5486 0.1694
79.4733 9.6718 85.0687 0.7268 -1.0886 0.2813
-166.3206 -63.3740 208.3969 1.1663 -2.0000 0.0505
-71.7023 -230.6947 250.1298 1.5056 -1.8579 -0.4744
129.9924 -250.1374 238.4198 0.7427 -0.4304 -0.2686
188.9695 -81.6107 130.0153 0.0449 -0.5256 0.1597
88.7405 -88.2290 74.3511 0.1633 -0.1711 -0.1714
-26.8550 -103.4657 -59.3206 0.1843 0.2664 0.3828
-158.4656 -20.4046 -250.1374 0.3140 0.4063 0.8684
-219.5725 242.2214 -221.6717 -0.1919 -0.6748 0.7390
-250.1374 249.1145 21.4809 -0.5093 -0.1929 0.0471
234.3359 228.7557 -250.1374 1.0562 -1.3352 0.5957
-250.1374 -39.3359 -92.3283 1.5398 -0.5505 0.3049
-27.6870 24.3359 -214.4809 1.2732 -1.4976 -0.0796
-21.3359 15.7099 -26.2595 0.7939 -0.5786 0.3386
54.7023 6.3359 26.5802 1.0371 -0.3071 0.4167
-11.1756 -11.7405 -4.0000 0.9070 -0.3960 0.3831
19.7863 -2.3130 22.5191 0.9485 -0.3950 0.3201
31.9313 -3.4733 18.6870 0.9104 -0.4875 0.2966
-46.6718 -26.0229 107.7557 0.7253 -1.1638 0.3547
-10.9160 -103.8244 236.2290 0.8396 -2.0000 0.4238
16.0687 -250.1374 250.1298 1.0928 -1.5571 -0.6831
75.2290 -250.1374 181.0458 0.3337 -0.6130 -0.4622
109.3970 -116.7786 112.8397 0.2056 -0.7046 0.0103
109.3893 -31.0687 86.1603 0.4331 -0.1355 0.1216
34.6794 -31.0916 -33.1145 0.1140 0.2195 0.2422
-18.2672 32.3282 -233.4886 0.2053 0.6948 0.8677
-250.1374 237.8779 -250.1374 0.0479 -0.1763 0.4238
-167.0763 250.1298 -250.1374 1.3635 0.1848 -0.6357
-131.6488 -85.8168 -162.9847 1.1216 -1.7407 -0.4780
-42.1221 115.7481 -114.5420 1.7100 -0.9609 0.2334
-119.2061 70.4275 -73.4504 1.1423 -0.9299 0.0903
30.0763 4.6641 53.0382 1.0059 -0.0461 0.6082
2.9008 -11.5420 0.3817 1.0811 -0.1575 0.3191
27.5114 8.0840 -9.2977 0.9814 -0.2002 0.2100
31.6031 -0.1603 -6.2061 1.0054 -0.2427 0.2236
29.0458 4.9618 -10.4580 0.9617 -0.3125 0.2200
65.0076 13.8779 19.2137 0.9141 -0.4939 0.3308
63.3740 0.8321 112.1832 1.0457 -0.9165 0.2637
90.1756 -53.0840 250.1298 1.4312 -1.4075 0.1343
140.2061 -45.6870 250.1298 1.1672 -1.8633 0.2178
-91.9389 -1.3664 250.1298 0.7480 -1.4822 -0.0310
136.6107 -123.8168 191.5725 0.2761 -0.1111 0.5112
114.9924 -32.4580 81.8550 0.1750 -0.3457 0.3728
83.1985 -19.2214 -19.9618 0.1301 0.1624 0.4351
-75.6183 -5.4504 -224.2901 0.1484 0.8113 0.0181
-250.1374 147.6260 -250.1374 -0.2173 -0.0049 0.4163
-250.1374 225.6641 -157.2137 0.1990 0.1626 -0.6641
55.5038 69.2824 -250.1374 1.1226 -2.0000 -0.4331
250.1298 -55.5267 -250.1374 1.6592 -1.4380 0.7004
-249.9237 99.7099 -89.1756 1.5117 -1.0378 0.0503
-3.1603 -60.5573 66.0382 0.9150 -0.2930 0.3259
-31.1679 10.0229 -17.4351 1.1296 -0.0959 0.2332
34.2824 13.1832 -10.7863 0.9624 -0.2634 0.2385
22.3511 9.6031 -3.2137 0.9932 -0.2546 0.1731
3.7557 7.8473 -1.1527 0.9768 -0.2395 0.2283
11.5725 11.7328 -0.9313 0.9817 -0.2876 0.2573
47.6412 25.6260 69.9160 0.9492 -0.7622 0.4199
-17.9160 3.6947 215.1221 1.2480 -1.7202 0.5085
54.9695 -199.7481 250.1298 1.4319 -1.7498 -0.0095
-101.4275 -71.7939 250.1298 1.1289 -1.5991 -0.6003
176.6031 -152.0687 250.1298 0.6272 -0.1501 0.2974
-7.3359 -7.5115 141.8015 0.2708 0.0278 -0.1636
-0.6031 -86.7023 -25.4198 0.0908 0.4119 0.4089
-154.9237 -4.6260 -250.1374 0.0530 0.0845 0.8369
-250.1374 250.1298 -67.6031 -0.3926 -0.6753 0.3667
-250.1374 187.7252 -173.1298 -0.3853 -0.8184 -0.5325
73.2672 250.1298 -250.1374 0.9348 -1.3015 -0.3682
242.0076 8.5573 -126.1756 1.5967 -1.4216 -0.1411
-19.8931 -25.1832 -93.2824 1.4500 -0.5400 0.3799
-120.2519 58.1145 -33.8015 1.0874 -0.3757 0.4407
77.4275 -4.3969 25.2595 0.9978 -0.0454 0.7043
-52.4580 -28.3130 -3.5725 1.0261 -0.2351 0.1328
17.5420 -23.5038 22.9237 0.9304 -0.2583 0.2856
56.3435 18.5649 32.8779 0.9592 -0.5217 0.2727
-29.3893 -38.4046 165.9542 1.1614 -1.0942 0.0615
99.0992 -137.7252 250.1298 1.4624 -1.3242 -0.1738
127.9466 -135.5114 250.1298 0.9329 -1.7952 -0.6572
104.1527 -149.0534 250.1298 0.4055 -0.9324 -0.2476
52.4809 -118.3053 143.8702 0.2405 -0.3074 0.1279
75.6183 -77.6565 6.4580 0.0708 -0.3691 0.4546
55.8168 -18.5038 19.7634 0.0898 -0.1946 0.1909
-59.9924 -47.1374 -83.1832 0.0940 0.3728 0.4141
-143.5878 14.6412 -241.9695 -0.0642 -0.1555 1.0110
-250.1374 140.1374 2.4275 -0.2148 -0.8508 0.4329
-82.5191 250.1298 -226.8397 0.1643 -0.4231 -1.1748
-216.1679 104.5344 -247.0229 0.4131 -1.0381 -0.6853
82.3130 250.1298 -126.2901 1.9412 -0.5449 -0.7063
-41.2290 195.4580 -27.5344 1.6880 -0.4739 0.3333
18.0229 -83.9847 37.9389 1.0916 -0.9707 0.3074
191.9542 23.3817 1.0992 0.9639 -0.1226 0.0540
-44.5115 -85.1985 -34.1450 1.0308 -0.2917 0.2339
39.3588 -3.8092 15.6336 0.9712 -0.2754 0.1802
-2.2748 -2.4427 4.3359 1.0205 -0.5034 0.0647
-33.2214 13.8855 94.2595 1.0474 -1.1411 -0.0276
236.1603 -120.5420 210.3053 1.3074 -2.0000 -0.2742
200.8321 -176.0763 250.1298 1.2178 -1.3201 -0.3579
-35.7710 -184.1832 250.1298 0.3894 -1.2637 -0.9153
161.0763 -190.8550 119.3664 -0.0122 -0.1697 -0.1145
137.8779 -98.8931 99.4962 0.1958 -0.4275 0.2305
75.2061 -82.8015 15.6183 0.0171 -0.2493 0.3904
-10.0611 -90.9618 -104.0687 -0.0212 0.0342 0.5872
-92.5191 0.1756 -250.1374 0.4465 -0.1301 0.9421
-228.9313 250.1298 -80.1756 -0.0020 -1.1179 0.4358
-117.7786 250.1298 -250.1374 0.0173 -0.9297 0.2954
-222.4504 -123.3740 -250.1374 0.4231 -0.6533 -0.4502
49.1756 128.5343 -105.8397 1.0923 -0.6987 0.0537
-3.6947 64.9008 -89.1527 1.6987 -0.4128 0.1526
-250.1374 120.2137 -84.5878 1.2366 -1.1592 0.0088
117.3740 -109.0611 38.0076 0.8865 -0.6514 0.4001
86.7557 10.7863 -75.9389 0.9514 -0.3733 0.5293
31.9237 7.8626 -5.5649 0.9524 -0.2881 0.1560
33.1221 -11.5725 5.2748 0.9553 -0.3347 0.2800
-31.0763 -10.0992 60.7023 0.9712 -1.0474 0.1995
-77.5725 -176.9542 218.8473 1.1536 -1.5835 0.0164
44.3282 -171.1374 250.1298 1.0740 -1.7122 -0.8403
125.0305 -218.9084 220.4427 0.4980 -0.8057 -0.8982
250.1298 -165.2366 50.1374 0.1421 -0.6084 0.1230
176.7863 -65.9466 75.6412 0.1372 -0.5056 0.0559
98.8626 -81.2214 -28.0992 0.2981 0.2019 0.1252
-42.0076 -15.4427 -164.2519 0.2273 0.4849 0.4966
-131.1603 203.5038 -206.1603 -0.2000 -0.4338 0.6753
-250.1374 250.1298 94.1679 -0.6379 0.3755 0.6211
-23.0916 250.1298 -250.1374 1.5254 -0.6787 -0.7761
18.7099 192.5038 -196.4580 1.7939 -0.7993 -0.0955
-26.4351 218.5725 -76.3511 1.4822 -1.0684 -0.5688
-102.2366 36.4351 -7.3588 1.0818 -0.6990 -0.1929
141.7405 -99.0382 25.1756 1.0410 -0.1770 0.3647
4.1069 -28.6412 21.0916 0.9658 -0.1633 1.1111
75.9160 -1.3664 -16.1756 0.9978 -0.3450 0.0210
50.3282 -16.2901 33.3206 0.9326 -0.3140 0.3154
45.8473 -6.5115 94.3970 1.0222 -0.8499 0.1118
-88.9160 -74.8550 203.8321 1.2253 -1.4875 0.1436
111.4657 -110.2901 237.2901 1.0071 -1.7612 -0.0552
113.0458 -110.6947 250.1298 0.7600 -1.4421 -0.6135
46.6031 -106.4198 238.3130 0.2395 -0.5945 0.0139
-34.0611 -84.9160 179.6488 0.2114 -0.3899 0.2065
9.2824 -53.7481 82.0076 0.2991 -0.0095 0.2671
32.2977 -42.4580 -40.8015 0.0840 0.2156 0.6230
9.2519 100.0534 -250.1374 0.0544 0.3213 0.9102
-250.1374 141.4046 -158.0229 -0.3826 -0.4446 0.0679
-250.1374 153.7405 -103.0763 0.5571 0.6729 -0.5715
-96.9466 189.5649 -250.1374 1.2283 -0.9487 -0.7412
50.5954 250.1298 -192.9466 1.5381 -1.0618 -0.2366
-182.4580 106.2366 -35.9084 1.4968 -0.9761 -0.4539
72.9695 5.9160 110.2977 1.1108 -0.2700 0.2651
-34.9237 -64.7557 -2.3359 0.9304 0.0596 1.1099
70.5267 -24.3130 15.8550 0.9863 -0.3921 -0.0115
36.2748 -29.1221 34.9924 0.8860 -0.3462 0.3071
-55.5573 -7.2214 51.0382 0.9980 -0.9167 0.1978
24.3893 -68.7786 220.4275 1.3608 -1.5793 -0.2185
101.7939 -237.6641 250.1298 1.1323 -1.4565 -0.1792
166.1527 -181.6183 232.6870 0.4541 -1.3555 -0.5178
186.3664 -168.9389 179.5572 0.0752 -0.8713 0.2588
174.9237 -75.5038 177.8397 0.1448 -0.5762 0.2251
173.9542 -11.8015 96.9847 0.1516 -0.0459 0.2102
-25.7786 5.5954 17.4122 0.0754 0.3618 0.4768
-56.1679 67.2443 -213.3664 0.0669 0.7046 0.7795
-173.8244 169.8168 -250.1374 -0.3074 -0.0857 0.1418
-193.7633 250.1298 -250.1374 0.2229 -0.3828 -0.5779
44.6870 -4.9618 -250.1374 0.7134 -1.6494 -0.0652
224.4427 -87.0382 -250.1374 1.3826 -1.1948 0.3274
-178.7863 107.4886 -163.9695 1.6150 -0.7393 0.3022
-116.9313 -39.8397 -20.3511 0.9907 -0.6865 0.3135
5.7710 48.4351 17.3435 0.8328 0.1633 1.9999
62.1298 -8.5115 40.3130 1.0498 -0.3350 -0.0957
30.6489 13.4275 32.3969 0.9045 -0.1687 0.2739
52.6183 7.2748 -8.8397 0.9377 -0.3386 0.2170
-113.3206 -60.0534 88.8321 1.0635 -0.9607 -0.0435
56.9466 -165.6336 250.1298 1.4399 -1.5696 -0.0447
76.9618 -176.0687 250.1298 1.1675 -1.9082 -0.7446
0.1756 -249.9924 250.1298 0.6685 -0.9709 -0.5923
135.7328 -199.0382 129.8015 0.0640 -0.3276 0.3782
135.7328 -80.3053 112.1145 -0.0420 -0.6145 0.3162
117.1069 -68.9542 2.8779 -0.1667 -0.2930 0.3376
22.9160 -24.3435 -46.2901 -0.0757 0.1938 0.7007
58.6870 2.5878 -169.9924 -0.4971 0.2170 0.8699
-133.8931 58.2366 -196.5954 -0.0955 0.2070 0.8606
-250.1374 168.5954 -47.3893 -0.1570 -0.2747 0.6130
-94.3206 97.5649 -250.1374 0.6558 -0.2285 0.0364
94.1069 83.0534 -250.1374 1.4211 -1.2749 0.0005
-250.1374 46.6718 -80.8321 1.5332 -0.8000 0.3147
-159.5725 161.6183 -99.7939 1.3862 -0.8784 0.0706
-12.2748 -31.6260 40.4275 1.0554 -0.1045 0.7981
119.4046 -49.5649 31.3817 1.0251 -0.0085 0.3745
-40.9542 -29.8015 10.1450 0.8928 -0.4880 0.2498
20.3893 -27.6031 123.1374 1.0029 -1.2170 -0.0186
49.6412 -85.8168 209.9771 1.1467 -1.5706 -0.0154
73.6794 -84.2290 250.1298 1.2185 -1.8889 -0.2542
89.0153 -39.9542 250.1298 0.7175 -0.4490 -0.3003
50.8855 -134.5420 219.4504 0.2214 -0.0938 0.4849
-5.4046 -23.1756 109.8397 0.1506 -0.2866 0.1353
35.4504 -97.5420 -31.2061 0.1262 -0.1243 0.2639
64.1756 -20.3130 -164.5802 -0.1123 0.1047 0.5029
-52.3893 59.3740 -246.6107 -0.1523 -0.2324 0.8442
-250.1374 166.4427 -116.6412 -0.3557 -0.5452 0.4143
-250.1374 203.2824 -112.1756 -0.1587 0.1292 -0.2224
195.1679 250.1298 -250.1374 1.5430 -1.1282 -0.5300
30.5649 -28.8473 -174.0916 1.5959 -0.8738 0.1509
-106.6107 36.2366 -64.0382 1.4600 -0.9724 -0.1868
-205.1832 48.6718 22.7023 0.9771 -0.5488 0.1990
84.7634 52.3511 21.4275 1.0288 -0.2595 0.6340
44.3053 -7.3588 -16.5649 0.9543 -0.4004 0.0598
47.4351 -17.8779 34.2290 0.9294 -0.3235 0.1360
52.9695 -15.0000 28.3588 0.9138 -0.4983 0.1689
45.6412 -16.5802 23.5344 0.9111 -0.6821 0.2092
8.2901 -81.6412 140.3969 1.0886 -1.6030 0.0813
187.5725 -180.2290 239.7099 1.2727 -1.5654 -0.6985
219.2672 -250.1374 250.1298 0.7200 -1.2395 -0.8464
83.9771 -188.3588 228.7710 0.3064 -0.6045 -0.1433
31.2290 -94.5496 130.5267 0.1143 -0.2837 0.3762
136.4656 -36.6412 21.3588 0.0598 -0.2502 0.5986
-1.5496 -14.9008 -40.7710 -0.0249 0.0459 0.4221
-61.7710 -5.4885 -250.1374 0.2422 0.4219 0.9763
-250.1374 250.1298 -135.7557 0.2441 -0.1648 -0.2498
-250.1374 232.5649 -89.1832 -0.0334 -0.5986 -0.9692
124.0840 203.4122 -250.1374 0.6890 -1.4070 -0.6335
39.5038 142.5420 -172.3817 1.3418 -1.1611 -0.1548
-4.5649 23.2595 -159.5496 1.2744 -1.3347 0.1606
24.7023 -8.8931 -20.5191 1.1475 0.4780 1.9999
68.3893 -113.1450 30.8473 1.1008 -0.4602 -0.4739
132.0076 11.9466 33.5420 0.8525 -0.2495 0.1572
32.0534 -9.5267 -42.1145 1.0325 -0.4861 0.1707
91.0458 31.0382 85.9084 1.0696 -0.6072 0.1973
28.2672 -22.8397 181.2061 1.4646 -1.2678 0.5698
51.7481 -75.8931 250.1298 1.6462 -1.9893 0.2820
14.8550 -147.0458 250.1298 1.0774 -1.8105 -0.9878
246.4656 -183.9160 138.9618 0.2068 -0.0603 0.0488
166.8931 -60.9618 91.3359 0.1387 -0.2966 0.2039
250.1298 -190.4962 -159.0229 0.0544 -0.4697 0.6716
21.4504 52.6794 -158.2977 0.0269 0.1951 1.1138
-106.9542 211.9924 -205.5878 -0.3210 -0.1382 0.3447
-250.1374 200.6107 -139.5191 -0.4211 -0.6389 0.3733
-12.6336 105.8321 -250.1374 1.1206 -1.4971 -0.8428
-142.4351 124.6107 -97.0153 1.1462 -0.9424 -0.4639
126.5573 84.1527 -83.1145 1.3425 -0.3228 -0.2615
-250.1374 22.7786 -64.2824 1.5608 -0.6475 -0.0042
139.4962 -43.9618 -15.8626 1.0574 -0.9099 0.1453
32.1069 -9.4275 41.6565 1.0378 -0.1316 0.9294
90.8092 -11.5038 46.6947 1.0256 -0.1655 -0.0825
-38.0992 -17.4275 18.0382 0.8130 -0.3721 0.4207
-57.6412 16.6947 109.2901 0.9370 -0.7544 0.1892
37.7176 -10.2061 180.3053 1.0071 -1.4910 0.2532
-32.5267 -236.0840 243.8702 1.3420 -1.6135 -0.4963
-11.3130 -250.1374 203.5725 0.9753 -1.1909 -1.1179
154.3740 -245.8092 144.5191 0.3140 -0.3069 0.0308
107.8702 -86.4809 115.5878 0.0879 -0.2859 0.1042
120.6107 -88.1985 14.3435 0.0659 -0.2163 0.4104
-18.7634 -107.7634 -69.8168 0.1238 -0.2212 0.4895
-92.6870 30.2824 -235.0458 -0.1421 -0.2180 0.6116
-250.1374 250.1298 -78.2901 -0.3777 -0.4619 0.3689
-211.0458 250.1298 -231.3969 -0.2415 -0.4565 -1.3057
221.5954 250.1298 -250.1374 1.4497 -1.6482 -0.2891
-185.2824 29.4122 -118.0916 1.9077 -0.5574 -0.1470
-160.2672 91.1985 -61.7099 1.6353 -0.7795 -0.1448
-197.4886 -30.4046 42.3664 0.9236 -0.7920 1.8188
111.6336 -34.7557 -20.9847 1.0515 -0.2368 -0.2490
22.6183 -0.3206 -30.4580 0.8428 -0.4231 0.3560
8.2137 -7.6336 8.7099 1.0010 -0.3303 0.1650
107.0382 0.3664 37.3206 0.9844 -0.5132 0.3374
139.9618 -72.3053 117.5191 1.2610 -1.4448 0.2378
81.3435 -95.4886 227.9771 1.6167 -1.7424 -0.2966
170.9237 -207.1298 250.1298 1.2510 -1.2861 -1.1096
104.9695 -232.4580 247.7557 0.5830 -0.6003 0.1580
86.9847 -69.2137 115.3206 -0.1292 -0.2490 0.2131
44.0000 -15.3130 95.4580 0.2815 0.0430 0.2458
17.0992 -75.9389 -5.3588 0.2515 0.0483 0.5645
-74.9466 28.3282 -232.5725 0.1123 0.3086 0.6841
-250.1374 243.8702 -250.1374 -0.2180 -0.2397 0.5498
-175.9084 155.5725 -250.1374 0.0503 -0.4624 -0.5901
136.5496 -41.4198 -250.1374 1.6233 -1.3474 0.4988
-57.2290 -8.6489 49.8168 1.7646 -0.3420 -0.0481
-250.1374 154.4504 -37.4198 1.9999 -0.1797 -0.1301
119.9237 -73.4886 12.8931 1.1089 -0.3853 0.6736
13.2901 -15.5115 21.8015 1.0203 -0.2009 0.4099
86.3435 -19.2748 26.6336 1.0042 -0.1597 0.1985
22.7023 -7.7252 21.1603 0.9324 -0.2854 0.0388
45.6336 -9.4656 0.9008 0.9702 -0.2451 0.1650
-48.6794 -112.4122 -4.4504 1.1885 -0.7732 -0.0796
18.2214 -140.6107 167.1298 1.4150 -1.6653 -0.3708
65.8092 -250.1374 250.1298 1.3494 -1.0110 -1.5293
250.1298 -109.8931 186.0000 0.6680 -0.3975 -0.3779
250.1298 -11.3588 150.1756 0.1345 -0.6240 0.1648
47.1527 80.8550 187.0458 0.2791 -0.1262 0.1172
11.6107 -34.9008 15.7710 0.0574 0.1155 0.6487
-60.0076 -25.0611 -165.0229 0.0962 0.3340 0.7463
-228.4198 65.0458 -250.1374 0.3245 -0.0437 0.7400
-250.1374 235.2519 -81.6718 -0.4456 -0.7122 -0.2488
-101.5267 250.1298 -250.1374 0.8169 -0.8428 0.1814
-139.7710 122.8779 -85.1603 1.1851 -1.1985 -0.7144
-58.0763 61.9389 -123.2824 1.9126 -0.7925 0.0896
74.2672 15.4885 -103.4351 1.1130 -1.3977 0.5518
154.6794 37.0916 39.2519 0.9023 0.1714 0.7256
-88.4504 -61.3282 16.7557 1.2896 -0.1108 0.1655
-0.9466 -18.8855 16.6870 0.8281 -0.2644 0.1292
30.7863 -3.4427 -12.4198 0.9854 -0.3030 0.2107
34.0076 -7.3206 5.5344 0.9897 -0.3015 0.2515
69.4122 46.4275 8.3359 0.9517 -0.3547 0.5405
16.0916 22.1069 92.7405 1.0552 -0.8088 0.1174
25.3435 -138.8779 250.1298 1.2771 -1.8921 0.2463
48.5725 -109.1603 250.1298 0.6343 -1.7314 -0.3088
11.2748 -202.3817 246.8244 0.1870 -1.0703 -0.5950
66.5038 -169.1374 162.8092 -0.1108 -0.6646 -0.0662
49.8550 -103.2672 106.0153 0.1018 -0.3887 0.3337
35.5496 -58.2290 26.0305 0.1804 0.1042 0.4917
-42.9924 -25.1832 -81.9160 0.0508 0.3862 0.8003
-143.9160 65.7710 -250.1374 0.0776 0.0710 0.9534
-250.1374 250.1298 -60.1145 -0.0779 -0.3047 0.3689
-246.6794 212.0992 -250.1374 0.0906 -0.7935 -0.1592
-22.5038 250.1298 -209.6870 1.3213 -1.5415 -0.7219
115.4351 122.4962 -183.3893 1.4941 -1.5549 0.0339
-247.0458 -34.4351 21.7328 1.1736 -0.5393 0.1099
94.8397 33.4504 -2.3664 1.0552 -0.0322 0.4966
37.9084 -14.2443 -5.9237 1.0793 -0.0747 0.2666
-3.2366 -13.3817 9.2061 0.9707 -0.2202 0.1421
10.7557 1.0382 9.5878 0.9849 -0.2651 0.0789
76.6260 9.0763 47.4427 0.8083 -0.6252 0.2534
32.8550 -4.1603 92.6412 0.8306 -1.2500 -0.0547
60.7405 -139.2595 224.4427 1.0037 -1.9687 -0.1858
-250.1374 -203.5420 250.1298 1.2407 -1.6218 -0.7927
20.3206 -250.1374 192.4886 0.5920 -0.5544 -0.7927
119.5802 -230.5191 44.6412 0.1125 -0.2683 0.3269
81.3817 -58.6031 21.9847 -0.0422 -0.4746 0.1396
73.7710 -32.6565 11.0763 -0.2310 -0.3391 0.2888
103.1527 -20.9237 -54.9313 -0.1465 -0.2036 0.5601
-13.1832 72.9618 -222.6870 0.1589 0.0332 0.7212
-250.1374 245.7633 -179.0763 -0.1799 -0.2109 0.0574
-250.1374 185.7405 -79.0687 -0.3411 -0.0847 -1.2507
53.6947 250.1298 -250.1374 1.4399 -1.2898 -0.9998
-116.7786 171.0382 -147.9771 1.7529 -1.0735 -0.6753
-69.9542 94.1450 -23.0840 1.3457 -0.4907 -0.2246
26.5114 37.2977 35.4809 1.0520 0.2341 0.7527
79.6870 -10.5725 -6.9771 1.0356 -0.1997 0.2073
59.7176 -4.7252 21.5496 0.9646 -0.1941 0.2434
39.6641 -3.3282 7.4351 1.0103 -0.2424 0.1851
34.8092 -0.8397 23.9847 0.9746 -0.3503 0.2156
123.2748 -69.1298 122.6260 1.2612 -1.0911 -0.0098
-88.2214 -116.6947 229.3359 1.6304 -1.8267 0.0122
-22.7176 -250.1374 250.1298 1.5322 -1.1677 -0.9224
58.8779 -245.7176 175.2519 0.2466 -0.3025 -0.0654
146.0611 -153.8168 95.4428 0.0593 -0.4331 -0.2917
180.2595 -78.0382 13.3282 0.1204 -0.3818 0.1577
59.7634 -44.3053 -17.1145 0.0779 -0.1707 0.2393
-103.4122 -11.2519 -216.4351 0.2070 0.3206 0.7051
-250.1374 153.4504 -189.9924 -0.0564 -0.4319 0.4827
-250.1374 242.6565 67.6947 -0.6565 -0.1614 0.1238
-128.4962 241.3359 -250.1374 1.2488 -0.1138 0.2410
-180.1145 156.2595 -79.6641 1.2947 -0.8264 -0.6240
-177.7557 164.8931 -58.0153 1.6067 -0.7605 -0.1902
-216.8473 152.7405 56.9084 0.8555 -0.7639 -0.3191
72.3359 -41.3893 43.5954 1.1870 0.4324 0.5352
-47.4275 -29.8092 -27.6641 1.0234 -0.0928 0.0872
78.8779 4.2977 4.1603 0.9746 -0.2908 0.2170
14.3435 9.6565 10.9389 0.9724 -0.2563 0.0195
-72.7939 -33.5649 66.7328 1.2065 -0.7996 -0.1975
199.5343 -70.0992 213.8321 1.5740 -1.3977 0.1216
250.1298 -217.9695 250.1298 1.1267 -2.0000 -1.3296
57.8931 -250.1374 204.4046 0.4170 -0.2810 -0.2332
206.0076 -59.1832 172.1527 -0.0544 -0.7068 0.0645
98.1832 -78.6260 48.8244 0.1069 -0.4424 0.0679
-8.9313 -73.5496 -3.0076 0.1973 0.0237 0.3433
-65.3435 -2.9542 -165.9237 0.2607 0.4656 0.7190
-223.2672 236.9160 -167.1374 -0.0964 -0.3904 0.4397
-250.1374 250.1298 -29.7634 -0.3218 0.0256 -1.0767
77.9313 162.7481 -250.1374 1.0200 -1.2095 -0.2195
-90.1832 173.8779 -160.9466 1.6062 -0.9526 -0.3933
-51.4046 100.7710 -55.8702 1.2178 -1.5486 -0.5681
67.9008 -19.8702 67.3359 0.8606 -0.4644 0.2561
-7.7405 7.7099 -12.0305 1.0781 -0.0686 0.1741
72.4198 -8.9847 -21.7252 0.9167 -0.3003 0.1655
23.2824 -3.4427 -10.0458 0.9788 -0.3521 0.1470
68.1069 23.8397 12.2061 0.9531 -0.4824 0.2153
-38.8092 41.8321 121.1450 1.0273 -1.0081 0.2664
-5.9313 -11.3053 147.6947 1.0120 -0.6418 0.0332
33.6260 -118.0458 66.5573 0.6389 -1.2625 0.1521
241.2824 -224.0916 223.3817 0.8809 -2.0000 -0.7190
250.1298 -247.0534 237.2748 0.9170 -0.5757 -0.8604
250.1298 -98.7710 72.2672 0.3340 -0.1279 0.1917
122.6718 60.1298 65.3283 0.3787 0.1528 0.1899
-89.0840 -12.6870 22.7557 0.3611 0.4490 0.3271
-159.7099 44.6565 -179.0687 0.1599 0.3604 0.6829
-250.1374 250.1298 -147.3435 -0.0779 -0.3438 0.3110
-46.9084 250.1298 -142.3435 0.0737 -1.0549 -1.6294
151.3588 -116.0000 -235.9466 0.6270 -1.8040 -0.1919
99.7405 -140.4733 -250.1374 1.5701 -1.3755 0.4709
-91.0382 75.7023 -142.9237 1.3425 -1.5994 0.1138
127.0458 -29.2137 88.4428 0.9277 0.1885 0.9756
95.0305 -67.7252 5.9695 1.1599 -0.0767 -0.2476
-17.4885 -3.4198 -18.4351 0.8423 -0.3154 0.4404
73.6260 48.7252 7.8092 0.8687 -0.6135 0.3203
-36.5038 78.8702 83.0611 1.0730 -0.4089 0.1448
13.1221 -65.5115 107.4962 0.9275 -1.0662 -0.0688
118.6641 -113.6870 205.6794 1.2878 -1.4375 0.6165
88.0916 -52.8015 250.1298 0.9219 -1.7026 -0.3799
36.9008 -132.5649 250.1298 0.3455 -1.2852 -0.2927
43.4046 -119.3664 207.2977 0.0552 -0.4692 0.3230
69.1832 -99.4809 84.0992 0.1467 -0.4766 0.3428
68.7176 -49.6870 48.0840 0.3054 -0.4177 0.3206
4.8473 1.0382 -72.4198 0.2668 0.4207 0.6069
-144.2977 136.3588 -250.1374 0.1511 0.3840 0.6194
-250.1374 250.1298 -106.1298 -0.2598 -0.0803 -0.2158
42.7252 241.4962 -250.1374 1.2214 -1.4165 -0.0354
-128.5420 132.7939 -110.7863 1.9346 -0.8557 -0.1526
26.7252 118.6641 -139.5725 1.5652 -1.7319 -0.2441
-74.0305 -11.7023 40.8321 0.9204 -0.0837 0.7146
204.2519 -71.5725 -28.7786 1.0684 -0.1897 0.4075
10.5267 -8.9084 6.9542 0.9573 -0.0818 -0.0271
8.2214 2.3664 1.0382 1.0347 -0.2502 0.0950
-10.3359 -14.1756 8.2901 0.9863 -0.1704 0.2139
48.9237 11.1069 20.0076 0.9836 -0.3381 0.2837
-43.2595 43.7252 117.0763 1.2341 -1.1018 0.1797
25.0153 -122.3359 250.1298 1.5547 -1.4751 -0.0471
196.8168 -108.2748 243.0687 1.1335 -1.8293 -0.5071
250.1298 -79.8092 250.1298 0.9592 -0.5898 -0.7339
183.4198 24.2061 186.8321 0.0510 -0.3799 -0.3765
37.1221 -46.4427 71.4809 0.1035 -0.0068 0.0959
22.3435 -39.1298 -70.8626 0.1013 -0.1890 0.5327
-82.1450 47.6794 -250.1374 0.2476 0.2356 0.3672
-250.1374 202.9160 -250.1374 -0.3188 -0.5740 -0.1196
-11.4733 216.0305 -250.1374 0.6902 -0.9993 -0.2961
-250.1374 -101.4351 -69.3893 1.9999 -1.0349 0.0098
-149.7633 81.7023 -78.7176 1.6313 -0.9795 0.4214
-5.8626 4.8244 -65.6947 1.1453 -0.5957 0.5684
250.1298 22.7176 130.1069 1.1133 0.1882 0.6357
-0.8168 -9.5649 -34.3588 0.8896 -0.1975 0.4983
-8.1832 11.4580 -4.6183 0.9834 -0.1030 0.3579
-28.1069 31.9160 -32.2672 0.9746 -0.1772 0.4841
60.1527 9.9466 55.3588 0.9849 -0.3645 0.6033
-19.4809 -76.0763 208.9313 1.2578 -1.1804 0.4104
61.5725 -168.9008 250.1298 1.4255 -1.6875 0.2278
101.6641 -250.1374 250.1298 1.1714 -1.3811 -0.4844
213.9084 -103.2443 231.4733 0.3999 -0.4529 -0.1199
141.9008 44.1832 140.4733 0.3542 0.0618 0.7388
-26.5267 -2.9389 108.5725 0.1582 -0.3467 -0.1987
10.6031 -55.0992 7.8015 0.1021 -0.0330 0.3586
-69.9389 31.0382 -210.7557 -0.0007 0.5249 0.6990
-250.1374 234.0076 -250.1374 0.1584 -0.2041 0.2168
-163.2824 184.3206 -250.1374 0.0698 -0.9839 -0.5293
-81.1985 24.8931 -250.1374 1.2085 -0.6584 0.4536
77.7710 228.7023 -247.3740 1.9312 -0.5188 -0.2122
-70.2824 61.1832 -132.6260 1.3950 -2.0000 -0.1655
74.9466 0.9924 70.4122 0.9138 0.2041 0.9607
136.6565 -100.4504 42.7252 1.0994 -0.0398 0.2827
-32.9160 -25.1756 -17.4427 0.9426 -0.3472 0.3340
20.2519 17.5802 2.3206 0.9177 -0.4558 0.2676
-28.5802 13.4656 39.4580 0.8838 -0.5164 0.1267
55.7557 -25.8321 87.9466 1.0803 -0.9695 0.1753
1.4885 -67.5649 164.1985 1.4082 -1.3982 0.1431
250.1298 -195.7252 250.1298 1.0269 -1.9192 -0.6497
250.1298 -104.1450 250.1298 0.5361 -1.1460 -0.4041
173.8702 -78.8321 192.0000 0.3191 -0.4319 0.1284
125.9389 -58.7023 107.3053 0.3086 -0.1338 0.0349
65.8550 -38.0229 0.3664 0.3376 0.5049 0.5808
-112.6870 60.4198 -234.7710 0.1179 0.6611 1.0103
-250.1374 199.7405 -250.1374 -0.3657 -0.5632 0.2922
-127.3435 184.3053 -250.1374 0.1841 -0.6123 -0.9465
40.4122 -111.9389 -194.3282 0.6406 -1.5427 0.1726
-250.1374 1.5878 -189.9313 1.7471 -0.7358 0.3564
35.8779 15.7481 -157.9924 1.6592 -0.9031 -0.1377
69.1603 20.7481 101.9771 0.9578 -0.3662 0.7224
65.0305 0.2901 -11.4427 1.2109 0.1375 -0.0161
22.0458 -20.7557 35.5802 0.7769 -0.2405 0.6978
32.0611 -28.4962 -30.5344 1.0017 -0.1758 0.2239
28.1450 5.7023 0.8702 0.9568 -0.4407 0.2295
12.3817 -9.2061 74.3511 1.0256 -0.3503 0.2456
-52.3664 -18.4809 79.1679 1.0764 -0.7034 0.2964
74.6336 -70.2061 202.5649 1.2466 -1.6008 0.3074
-17.9542 -250.1374 238.9695 1.0557 -2.0000 -0.7488
250.1298 -165.9008 242.4962 0.5610 -0.9919 -1.0747
223.6031 -113.4275 168.3740 0.4346 -0.8010 0.2473
171.6412 3.5038 67.0229 0.2771 -0.3188 0.0217
162.6107 11.5191 -20.4733 0.1501 0.2705 0.3513
15.7023 46.9008 -233.8092 0.1323 0.8445 0.3528
-250.1374 165.0153 -250.1374 -0.4038 -0.3318 0.1052
-250.1374 -10.3282 -250.1374 0.6978 -0.4224 -1.6753
-1.7252 227.2824 -250.1374 1.6267 -1.7507 -0.8777
201.7633 250.1298 -223.2595 1.5569 -1.2295 0.6638
-250.1374 176.7710 -88.8931 1.1704 -0.8726 -0.2175
145.2290 -37.5802 61.6412 1.0034 -0.1560 0.7688
-16.2443 -0.6489 -9.8397 0.9221 -0.2581 0.6233
46.8931 -20.0000 12.0000 0.9680 -0.2537 0.3472
10.3664 -1.3664 11.3435 0.9739 -0.3066 0.3152
40.0458 -9.2595 14.4427 0.9360 -0.4377 0.4011
12.6412 -14.6336 39.1985 1.0103 -0.4617 0.3240
-75.6565 -36.7176 75.7786 1.3113 -1.1399 0.2461
61.0611 -129.7099 223.0458 1.3279 -1.4934 0.2622
145.0534 -82.8092 250.1298 0.8999 -1.3792 -0.3765
59.7481 -147.3130 250.1298 0.2876 -0.7236 0.2971
116.7252 -115.9618 194.0840 0.3105 -0.4773 0.3999
120.4809 -26.9084 65.5725 0.1824 -0.3528 0.2559
-37.3817 -140.4122 -44.4427 0.2407 0.5203 -0.3103
-138.9618 43.5725 -232.4733 0.1343 0.0540 0.9006
-250.1374 250.1298 -64.9924 -0.1338 -0.5410 -0.3665
-224.8397 250.1298 -120.0840 -0.4397 -0.6453 -1.2275
196.4198 250.1298 -250.1374 1.8950 -1.2944 -0.2437
-82.9084 170.5496 45.4427 1.1462 -0.7424 -0.0920
-105.7634 -15.3511 49.6107 1.3076 -0.2510 0.1528
-103.7634 38.7099 -92.6794 1.1372 -0.3877 0.4929
-5.8473 -28.3053 104.4504 0.7502 -0.3567 1.0039
48.8244 -34.0229 46.3893 1.0657 -0.1538 -0.0237
19.1832 8.3053 -10.8550 0.9739 -0.2571 0.2700
17.7328 22.1985 -4.8397 0.9646 -0.4172 0.4680
7.5191 -13.3588 47.1756 0.9307 -0.3992 0.5295
16.7710 -87.0687 120.7176 0.9639 -1.0510 0.3494
128.5420 -107.6260 250.1298 1.4653 -1.3813 0.2200
1.7481 -128.8779 250.1298 1.1472 -1.6863 -0.1851
45.9771 -188.7328 250.1298 0.5029 -0.7876 0.2058
66.0916 -105.0840 174.5954 0.2339 -0.4014 -0.1458
168.0992 -83.1908 23.9924 0.1733 -0.5796 0.3999
45.6260 4.3130 -28.9237 0.0117 0.0078 0.2244
-105.7863 25.5496 -216.2672 -0.1360 0.2888 0.4653
-250.1374 155.1908 -87.6947 -0.3328 -0.7756 0.0579
-186.0229 215.3053 -117.2290 0.0740 0.0540 -0.9788
250.1298 250.1298 -250.1374 1.6936 -1.6697 -0.7559
250.1298 5.6412 -178.9008 1.9999 -0.9211 -0.0178
245.7863 50.3435 57.7634 1.4915 -0.2708 0.4202
-17.9924 48.6183 40.6031 0.8840 -0.2275 0.5098
250.1298 33.2519 147.8015 1.0537 0.1775 0.8198
31.5344 -3.4809 -16.2443 1.0300 -0.0161 0.7366
25.1603 -13.6412 22.1985 0.9961 -0.1082 0.5706
-43.2366 6.7939 -16.7634 0.9954 -0.1528 0.4673
-47.5038 -22.8550 22.3740 1.0664 -0.4036 0.5913
119.1374 -20.6260 114.5420 1.1816 -0.7263 0.9282
65.8855 -5.9160 141.2443 1.3638 -1.3081 0.7922
132.3664 -200.4656 250.1298 1.7839 -1.2222 0.2271
92.7099 -14.1603 250.1298 0.9590 -0.9814 -0.4851
44.0992 -52.0840 220.7099 0.2283 -0.0845 0.1111
25.4656 -7.9847 117.4657 0.1912 -0.2419 0.4160
-15.0916 -15.8779 8.1603 0.1260 0.0789 0.5784
-92.3283 72.2977 -242.6412 0.0757 0.2610 0.8123
-213.6794 250.1298 -250.1374 -0.1736 -0.9976 0.2314
-250.1374 233.0840 -77.9924 0.7722 0.3245 0.0625
93.7023 250.1298 -250.1374 1.0925 -0.5872 -0.1421
185.8092 8.3740 -103.9542 1.5879 -0.7988 0.0488
-78.2290 25.9847 -77.1527 1.7273 -0.4314 0.7371
-250.1374 -6.0611 -118.8473 0.5884 -0.8818 1.1462
26.9924 -134.2061 10.2061 1.2976 -0.0835 1.0850
27.7023 16.5802 64.2748 0.9243 -0.4719 -0.4702
114.0229 -9.4427 83.8244 0.9099 -0.2034 0.1826
-83.4504 -43.4351 85.2366 1.2334 -1.4124 -0.1655
35.6947 -130.6641 196.6565 1.3347 -1.3840 -0.3181
101.6870 -218.2290 241.0076 1.4399 -0.8770 -0.7061
172.5878 -171.8702 233.0458 0.7214 -0.6201 -0.4224
117.5038 -46.1145 154.3053 0.1477 -0.2458 0.1040
53.5878 -26.5114 55.2824 -0.0603 -0.3147 0.4700
35.5038 -40.1679 25.6870 -0.0320 -0.3035 0.4861
-18.3435 -4.7710 -90.6336 -0.0347 0.0085 0.7295
-175.5114 176.6641 -225.8473 -0.1079 -0.1819 0.6550
-250.1374 250.1298 -162.6794 -0.2131 -0.5005 -0.4556
13.1527 192.1298 -250.1374 0.9199 -1.2339 -0.4189
59.6641 -35.1908 -180.5191 1.5730 -0.7571 0.3611
-152.3969 62.8397 -165.9160 1.7878 -0.9834 0.8926
15.9847 -38.6794 -48.9237 1.2178 -0.6973 -0.1057
15.8092 -18.4122 41.2901 0.9458 -0.0500 0.6609
94.9771 17.3359 12.8321 0.9897 -0.2886 0.5327
-6.7328 -16.5420 9.4046 0.9854 -0.3105 0.2983
-41.8168 -21.2290 7.3130 1.0916 -0.4077 0.1094
-165.1832 -57.5115 92.2290 1.4414 -1.1770 0.1924
85.3588 -156.6107 234.2672 1.5076 -1.3740 -0.1045
204.4046 -49.7634 202.3435 0.8811 -1.9192 -0.6396
145.7481 -120.8473 250.1298 0.5769 -0.5811 -0.1211
-37.8092 -77.6336 223.8626 0.2183 -0.2095 0.4792
18.7939 -68.5573 34.3893 0.1631 -0.1267 0.5645
92.0153 -27.3282 -126.6641 0.3992 0.1179 1.2278
-88.8855 10.9237 -134.0458 -0.1587 -0.5273 0.4128
-69.0305 137.2672 -105.4504 -0.4856 -0.5923 0.8464
-250.1374 168.5343 20.8855 -0.7068 -0.1628 0.6604
-156.2214 169.0153 -250.1374 0.1809 -0.4438 -0.2129
120.6794 250.1298 -250.1374 1.2319 -1.2969 -0.5022
215.2443 56.5038 -178.2824 1.0222 -1.1555 0.0146
-122.6641 101.0000 -108.5267 1.7717 -0.2163 0.3301
-250.1374 -173.4504 -113.4198 0.5903 -1.3682 0.6399
142.9466 -56.3511 127.3893 1.4629 -0.2898 -0.6440
7.5573 4.9313 6.4733 0.5874 -0.3018 0.4780
67.7023 -1.9847 26.3664 0.9207 -0.4727 0.4526
33.2290 -6.3664 123.0840 1.3774 -0.7417 0.2839
-78.3206 -90.6565 161.5267 1.3232 -0.7004 0.2966
-110.8168 -97.5115 169.5038 1.0479 -0.8215 0.0466
-109.5344 -54.2595 164.3130 0.6282 -0.5745 1.0361
44.7786 134.7176 92.9542 0.4194 -0.5168 0.6165
97.8473 145.7557 -5.2290 0.3311 -0.5332 -0.1963
117.1450 174.1985 -111.9618 0.4998 -0.7251 0.2109
90.0305 127.2824 -58.3282 0.4937 -0.8789 0.2439
113.7328 125.4657 -7.4046 0.6880 -0.7627 0.0571
122.5573 22.3817 14.5191 0.3240 -0.8540 0.6826
62.7099 12.7481 14.7099 0.4111 -0.5811 0.8921
81.4351 16.0305 56.8702 0.2842 -0.5869 1.3132
61.3282 47.3053 83.7939 0.3169 -0.6416 1.3337
-129.2824 132.0382 114.9695 0.0522 -0.4290 1.0732
122.4046 -111.5267 11.9313 -0.1611 -0.3127 0.4043
127.6718 -95.7023 -66.7176 -0.1150 -0.3516 1.2771
-38.9084 -39.4427 97.8855 -0.0168 -0.5388 1.0925
1.2061 -1.2748 28.9542 -0.2410 -0.3320 1.2708
7.9466 -4.7099 8.2443 -0.1367 -0.4167 1.0232
1.8931 5.5649 0.4427 -0.1201 -0.3931 1.0818
2.5496 3.2901 0.1145 -0.1184 -0.4028 1.0913
2.4733 3.1221 0.0687 -0.1221 -0.3967 1.0884
2.6107 3.1374 -0.0687 -0.1260 -0.3950 1.0784
2.5954 3.4733 -0.0229 -0.1270 -0.3953 1.0991
2.6260 3.2977 -0.2824 -0.1199 -0.3943 1.0881
3.2366 3.3588 -0.3206 -0.1221 -0.4028 1.0762
2.6489 3.3435 -0.0840 -0.1208 -0.3918 1.0867
3.0305 3.1450 -0.1069 -0.1174 -0.3950 1.0999
2.7099 3.3893 -0.0534 -0.1206 -0.3933 1.0847
16.2443 -1.4885 18.2595 -0.1077 -0.3787 1.1326
2.5649 4.3893 0.1221 -0.1343 -0.3694 1.0869
2.2290 4.2366 0.0534 -0.1218 -0.3696 1.0906
4.3893 5.2366 0.2443 -0.1099 -0.3672 1.1621
2.3817 3.7252 -0.4275 -0.1216 -0.3660 1.0925
2.4733 3.5802 -0.4122 -0.1211 -0.3708 1.1069
2.6489 3.7023 -1.9695 -0.1533 -0.3618 1.0208
2.9542 3.0153 -0.4504 -0.1265 -0.3728 1.1008
2.7786 3.1832 -0.2366 -0.1255 -0.3674 1.0955
2.9084 3.4427 -0.0382 -0.1174 -0.3643 1.0903
3.2901 2.5267 0.8702 -0.1196 -0.3560 1.0732
2.6565 2.7863 -0.7939 -0.1292 -0.3677 1.1060
2.8931 2.9771 -0.1450 -0.1235 -0.3740 1.1001
2.6260 3.3969 -0.2290 -0.1257 -0.3577 1.0952
2.3053 2.6794 -0.6336 -0.1284 -0.3652 1.0720
2.3282 2.6794 0.0076 -0.1589 -0.3467 1.0645
4.3664 9.6412 4.6641 -0.0952 -0.3650 1.1575
3.0382 2.9008 -0.3969 -0.1162 -0.3521 1.1042
2.5267 3.4733 -0.0687 -0.1213 -0.3445 1.1023
2.6183 3.6718 -0.1603 -0.1235 -0.3523 1.1208
2.7176 3.0229 -0.2061 -0.1245 -0.3438 1.0955
4.0534 0.8473 -1.1069 -0.1162 -0.3608 1.1147
3.0153 2.8092 -0.2214 -0.1248 -0.3494 1.0952
4.3282 3.3359 -0.3206 -0.1277 -0.3550 1.1021
6.2595 7.0000 -0.0382 -0.1194 -0.3665 1.1284
2.1221 4.6565 0.0000 -0.1167 -0.3457 1.1211
2.6794 2.9466 -0.2977 -0.1196 -0.3477 1.1206
2.7176 3.1450 -0.4275 -0.1238 -0.3359 1.0937
2.6870 3.3969 -0.1679 -0.1243 -0.3538 1.1106
2.7099 3.0305 -0.4885 -0.1216 -0.3367 1.1001
3.7481 -3.3588 -10.4809 -0.1060 -0.3350 1.1331
-26.1221 50.9695 -48.4809 -0.0994 -0.5342 0.9768
-27.2366 -40.1985 -18.3588 0.2249 -0.3188 1.2144
16.9695 -10.0687 15.8550 0.1272 -0.2349 0.8232
42.0229 9.9771 -1.7405 -0.2502 -0.2148 1.2651