3.3664 6.4809 -1.1450 -0.0320 -0.0244 1.1973
6.7099 8.1679 -1.8168 0.0042 -0.0347 1.2239
-0.8321 -7.1603 1.7328 -0.0305 -0.0398 1.1519
0.6031 0.9084 0.1069 -0.0581 -0.0398 1.1711
1.0153 1.4504 0.0458 -0.0686 -0.0442 1.1658
-8.6260 -25.1145 5.7405 -0.0522 -0.0505 1.1055
-5.8321 -7.4351 -9.9084 0.0891 -0.0117 1.2603
-4.1603 -25.0763 -29.4733 -0.0950 -0.2957 1.3442
-4.1985 -9.0611 -47.0992 0.0325 0.0950 1.1863
95.6641 16.3817 -11.1145 0.1858 0.2751 1.2874
-56.1603 58.4733 -7.9237 0.3110 0.4536 1.3586
0.7863 28.8397 -17.8550 0.1785 0.4019 1.2671
121.3970 -26.3969 -28.9695 0.2925 0.5317 1.3403
-41.9618 10.7405 -41.1756 0.1292 0.0718 0.9802
-92.9237 -86.1374 -80.9618 0.5242 0.1223 0.9011
-148.0916 47.3282 -25.4733 0.3501 -0.1807 1.0293
-153.3435 -61.8244 -133.1527 -0.2026 -0.8533 1.0566
-104.4122 11.7557 35.5344 -0.5171 -0.8928 0.7957
-111.0611 3.1221 47.3969 -0.3567 -0.4963 0.5950
97.6794 163.7786 16.2748 -0.3713 -0.5320 0.6711
8.7405 -6.1756 12.0153 -0.5303 -0.9836 0.2666
-53.8550 -90.3206 -29.3893 -0.3416 -0.8699 0.2346
-15.0382 -56.6107 -7.6565 -0.4031 -1.0291 0.6255
-88.9618 -3.6947 -16.1832 -0.5488 -0.8254 0.1899
48.6565 42.1374 28.5725 -0.4014 -0.9541 0.4866
80.3435 108.3893 31.2443 -0.2759 -0.6831 0.3540
-7.5573 92.4428 -41.7481 -0.2922 -0.6760 0.0227
-14.6183 21.9771 15.8321 -0.5603 -1.4944 0.1006
35.7939 34.9466 33.4809 -0.4622 -0.9807 0.3284
25.3130 72.8473 10.6718 -0.4617 -0.8840 0.2729
14.1908 52.1832 31.2519 -0.4839 -0.8408 0.2683
-8.2901 34.1450 4.0840 -0.4792 -0.6379 0.1567
-15.9695 -49.8397 -28.5267 -0.5237 -0.6394 0.2974
29.5954 -42.3817 -52.8702 -0.4780 -0.6328 0.2417
152.2214 -76.6183 -75.4809 -0.3652 -0.7190 0.3416
65.1985 -54.8168 -57.7557 -0.1846 -0.7051 0.6279
13.5649 -22.7557 -28.2977 0.0400 -0.5427 0.7126
66.0153 -70.0840 -19.3740 0.1311 -0.5332 0.5417
-16.7786 -99.8244 -51.5954 0.3301 -0.6658 0.8286
-39.8626 -68.3511 -45.0992 0.3152 -0.8069 0.8501
-38.1450 -35.1679 -113.2824 0.6345 -0.7783 0.6174
-64.6870 -72.3053 -182.8702 0.9607 -0.8093 0.5706
-142.3511 -28.7710 -111.0153 0.7756 -1.0383 0.3796
-120.9847 -33.3206 -125.9542 1.0125 -0.5012 0.3809
-44.1374 -63.6565 20.8473 1.0061 -0.4878 0.0559
20.1527 -32.7023 78.8092 0.9578 -0.3989 -0.0198
25.7176 17.0076 48.8092 0.9189 -0.2749 -0.1226
4.9847 -8.5344 -8.5573 0.8350 -0.4292 -0.2007
-0.6412 -10.0763 -6.3130 0.8677 -0.4348 -0.0647
2.5878 1.0382 3.7863 0.8909 -0.4160 -0.0469
26.2214 13.6947 -0.6412 0.9062 -0.5044 -0.0305
39.4046 50.3817 99.0992 0.8042 -0.9819 0.1819
98.3130 63.8015 243.7252 0.9502 -1.5957 0.1125
130.5267 1.4046 250.1298 0.7566 -1.5837 -0.3394
73.6718 -46.6412 250.1298 0.2617 -1.4836 0.1697
55.4122 -9.0763 250.1298 0.1870 -0.6125 0.5825
-6.0153 50.4198 200.3511 0.0896 0.0496 0.7278
-37.9695 36.4580 45.6183 -0.9417 0.4646 1.1602
35.7099 23.0992 46.2901 -1.4443 0.5583 1.0105
69.6107 -81.0229 134.1145 -1.4590 0.8755 1.2209
106.4580 -40.1069 -1.4656 -0.2654 0.4475 0.7056
91.9847 -7.3206 -178.5572 0.3706 -0.0259 0.9346
113.6107 134.3664 -118.3130 0.0042 -0.2688 0.6848
66.3435 204.6488 -67.4351 -0.2612 -0.3098 -0.3865
17.5191 142.9695 5.2214 -0.5100 -0.0254 -0.8240
90.8702 -6.5115 4.0534 -0.5437 0.1721 -1.7961
-13.4962 -50.4427 3.4198 -0.7158 0.0200 -1.7710
-69.7099 -156.5267 25.0534 -0.5176 -0.0327 -0.9785
-90.5725 -190.0229 21.9466 -0.3542 -0.3250 -0.3159
-156.7863 -180.8931 136.0840 0.1169 -0.4158 0.5793
-129.6641 -188.3740 119.8168 -0.0342 -0.6323 1.3396
58.8702 5.8015 125.2824 0.0000 0.3286 1.7517
-42.8702 152.6717 33.2672 -0.2036 1.2759 0.5574
-69.9237 2.8702 -117.1374 -1.4258 0.3372 0.4121
-89.6183 46.6031 -115.2061 -0.6541 0.1316 0.9678
-103.2748 13.1985 -206.8550 -0.0474 0.0784 0.5620
-94.4962 -93.5344 -240.1145 -0.2637 -1.1716 1.0190
-21.4427 -95.9389 -157.1450 -0.1577 -1.2478 1.0249
14.2061 -76.2748 -123.9924 0.1350 -1.0784 0.5703
-66.3435 39.9466 -185.2977 0.6257 -1.0320 0.7092
-99.8626 99.6336 -109.1145 0.4873 -1.2004 0.4663
33.0763 -38.4427 12.1908 0.6523 -0.6838 0.4094
-3.0916 -4.6489 -17.0687 0.6338 -0.6860 0.5225
-1.3969 16.3206 8.4275 0.6985 -0.6509 0.4260
1.5496 17.2443 0.8931 0.6719 -0.7197 0.5059
9.9695 5.6489 6.0916 0.6387 -0.7397 0.4685
-8.3206 10.1985 42.8168 0.6367 -0.8799 0.5632
22.3130 4.0763 79.1145 0.5562 -0.9734 0.7339
65.0840 20.1908 180.5420 0.5459 -1.5850 0.9136
114.3970 70.6336 238.0916 0.0830 -1.4253 0.8916
74.6718 124.3740 249.2824 -0.3481 -1.0913 0.6191
19.5496 132.6947 250.1298 -0.1301 -0.4639 0.4854
51.6107 56.2519 227.2290 -0.6343 0.1816 1.9999
31.0076 67.0840 119.0305 -1.1594 0.7175 1.1770
108.8702 -51.8168 75.7252 -0.8101 0.5881 0.5500
156.1985 -66.5115 -80.0305 -0.0750 0.3875 0.7581
138.3969 100.9466 -153.4198 0.2639 -0.2231 0.7732
82.1450 206.8473 -86.1908 -0.2344 -0.4287 0.0259
138.5343 52.0611 50.3130 -0.2791 0.3049 -0.3401
33.8092 180.9389 27.2748 -0.2627 0.4063 -1.1306
73.0000 -13.3740 18.1832 -0.4290 0.2551 -1.5386
-56.7863 -3.0153 -2.8931 -0.4753 0.2034 -2.0000
-63.3130 -187.0382 -39.2137 -0.1948 0.0229 -1.4885
-109.8321 -250.1374 78.6183 0.1575 -0.4058 -0.0569
-196.8931 -110.9466 105.2290 0.2463 -0.2151 0.7590
-126.5191 -115.3130 65.8015 -0.1003 -0.1772 1.0620
-121.5878 -30.2061 3.8550 -0.2876 -0.0715 1.9087
-130.8015 45.0840 -57.0840 -0.4016 0.1604 1.1060
-109.9847 -11.1450 -250.1374 -0.3750 -0.2913 0.9409
-51.8321 -93.0611 -216.8550 -0.4563 -1.1060 1.1628
-27.3130 -106.0687 -188.9924 0.3010 -0.9329 1.3745
-106.5344 -22.5725 -250.1374 0.7646 -1.2073 0.8296
-217.5725 61.3740 -221.3664 0.6074 -1.3870 0.3350
-39.2290 -93.7634 -56.9389 0.9001 -0.5374 0.4482
-66.7557 8.1603 -20.6489 0.8994 -0.4348 0.2520
-25.9237 -10.2214 -5.6947 0.9866 -0.4487 0.2231
19.6565 4.6412 1.6794 0.8618 -0.4329 0.1863
5.6718 7.5649 -2.6641 0.9456 -0.3569 0.1697
10.6412 33.9008 17.8092 0.8765 -0.6360 0.4683
186.3740 118.6183 250.1298 0.9653 -1.4609 0.8335
136.6031 12.2977 250.1298 0.4822 -1.4636 0.6040
95.1069 84.3435 250.1298 -0.0029 -1.1277 0.6956
-14.6336 74.7405 250.1298 -0.0576 -0.6521 0.7407
35.9924 55.0305 250.1298 -0.1824 -0.0891 0.8083
44.3053 14.2519 151.9084 -0.8157 0.3191 1.7061
125.6794 6.9542 127.3817 -1.1873 0.1990 1.2842
184.9466 -0.1374 -5.8626 -0.0786 1.1399 0.7827
169.1374 86.9847 -111.6412 -0.0266 -0.1226 0.4065
184.3359 112.7863 -14.4733 -0.0383 -0.1218 -0.1270
39.7328 194.1450 21.2366 -0.1582 -0.2910 -0.3000
67.1679 26.2214 49.9237 -0.0684 0.6179 -1.2666
30.8855 23.0458 -16.8015 -0.2219 0.5857 -1.2793
-8.9313 -78.2061 -33.0305 -0.2209 0.1960 -2.0000
-101.7786 -151.6717 -34.1756 -0.2239 -0.1016 -1.0132
-92.0687 -250.1374 35.9160 0.0957 -0.4438 0.0437
-191.3511 -121.8397 63.9237 0.0337 -0.1877 0.9028
-0.4046 -117.8931 54.0763 -0.3120 -0.0986 1.3049
-74.5802 -47.0458 44.5573 -0.5286 -0.1450 1.3335
-22.0076 -58.4427 35.1908 -0.2898 0.8225 1.3613
-250.1374 60.9924 -250.1374 -0.2466 -0.5742 1.3970
-168.7710 1.1298 -250.1374 -0.1177 -1.2256 1.3882
-101.8473 39.4427 -250.1374 0.1572 -1.4270 0.7773
11.0229 15.7252 -250.1374 0.7605 -1.1868 0.8442
-199.7557 113.6794 -250.1374 0.7634 -1.2952 0.2388
-231.4046 -69.8779 -201.9847 1.1165 -0.3936 0.2126
-73.1069 -46.4885 -61.6412 0.9802 -0.5020 0.3799
-66.3130 18.3282 -0.1679 1.0549 -0.2234 0.0706
-18.8473 7.7328 7.4580 0.9932 -0.0579 0.4387
0.7176 -11.9466 4.8397 1.0540 -0.0608 0.3538
8.8550 2.3435 -4.9466 1.0444 -0.1340 0.2576
5.5954 13.8473 6.4275 0.9973 -0.2651 0.3223
160.5802 109.1374 137.4504 1.0208 -1.0820 1.2986
147.7099 48.8092 250.1298 1.1304 -1.4619 0.3801
104.4809 -49.2290 250.1298 0.5151 -1.0955 1.0071
34.8702 30.1374 250.1298 -0.0576 -1.0830 0.8159
51.8244 102.8931 216.4656 -0.4014 -0.5471 1.6897
80.8015 61.8550 216.0687 -0.4756 0.0249 1.0007
43.3969 32.6565 84.9466 -0.9141 0.1111 1.2395
94.1908 28.0305 101.7176 -0.5464 0.3494 0.8367
81.3283 36.2977 -48.8473 -0.2368 0.3059 0.7668
138.5649 45.3969 -104.8779 0.1277 -0.0854 0.9214
176.4046 216.2214 -19.8931 -0.0945 -0.6172 0.1409
35.9084 238.2595 -3.7710 0.0117 0.0088 -1.1228
65.8092 21.3740 8.4275 -0.3638 0.1716 -1.4214
-91.5878 -12.7252 -14.0000 -0.5864 0.0989 -2.0000
-106.2977 -179.4656 14.0763 -0.3149 -0.2151 -1.1731
-82.7557 -250.1374 60.7481 0.0315 -0.2065 -0.3613
-188.8702 -73.1221 150.0000 0.1880 -0.4270 1.0942
-95.2748 -20.6565 121.3053 0.1052 -0.0286 1.2605
-125.3893 49.8702 85.0611 -0.1160 0.7292 1.1760
-127.6183 45.0076 -72.9389 -0.3784 0.5544 0.6958
-84.4198 -46.6031 -189.7710 -0.3098 0.2397 0.4683
-70.4275 -80.2824 -250.1374 -0.0681 -0.1523 0.6309
-37.0153 -135.9771 -228.1374 0.1077 -0.6997 0.7437
-186.9237 -86.9160 -231.3664 0.4590 -1.0332 0.7734
-237.9618 61.6947 -250.1374 1.0227 -1.0376 0.2561
-49.6336 38.8015 -4.4046 0.7610 -0.8064 0.5911
6.3817 -7.2977 17.3817 0.8699 -0.5286 0.2310
-30.7634 -20.6641 -20.1298 0.8650 -0.5154 0.2368
5.3359 0.5038 13.4580 0.8545 -0.5437 0.2053
13.8397 8.9466 4.2290 0.8511 -0.5530 0.3467
5.8015 8.0305 1.7634 0.8530 -0.5042 0.3462
-22.1908 -4.2901 4.8321 0.8677 -0.5645 0.1895
10.1603 3.8931 7.8550 0.8611 -0.4946 0.2642
-0.0763 3.7328 -2.7328 0.8516 -0.5583 0.2563
-1.5878 1.8244 5.8473 0.8437 -0.5398 0.3093
34.3435 1.5649 38.2824 0.7388 -0.9280 0.5010
105.3206 109.4733 250.1298 0.9590 -1.3672 0.5208
104.9313 31.3893 250.1298 0.2827 -1.7053 0.6960
88.2977 50.6183 250.1298 -0.1238 -1.2322 0.6619
65.1908 30.9160 250.1298 -0.0559 -0.6118 0.3647
12.7710 78.5191 208.3817 0.0049 0.4246 -0.0222
24.2595 108.7939 61.7939 -0.6965 1.2622 1.6328
33.0840 -24.4198 80.1527 -1.3850 0.8618 0.8308
138.3740 -121.4351 14.0076 -0.5178 0.9526 1.0356
78.4962 -27.4427 -126.2290 -0.2332 0.2495 1.0266
99.1603 5.9084 -119.8702 -0.4961 -0.8533 0.6785
95.5267 165.7481 -56.1679 -0.4192 -0.2161 0.5024
41.7405 177.7252 -34.9237 -0.1614 0.3589 -1.1155
102.4428 96.4428 16.4198 -0.2434 0.4243 -1.4373
-0.6107 -16.2595 -29.4962 -0.6147 -0.0288 -1.9956
-91.0763 -173.9466 40.6718 -0.5364 -0.1487 -1.0374
-165.6565 -143.5343 86.4809 -0.1182 -0.1533 -0.0376
-152.9084 -116.7252 76.6641 -0.2036 -0.1692 0.4668
-213.9313 -67.1450 124.0916 -0.0444 0.4302 1.5659
-53.3588 105.8855 60.8168 -0.4993 0.4207 1.4197
-17.6565 108.0229 -12.3359 -0.3740 0.7297 0.4219
-131.8931 9.0382 -111.2214 -0.6460 0.6133 0.9624
25.1527 77.6947 -121.8855 -1.1387 -0.0527 1.7546
-1.6947 -60.2290 -170.6717 -0.0608 0.3450 0.2886
-39.8397 -156.8397 -243.8702 0.1299 -0.0078 0.2983
-51.8931 -177.6107 -250.1374 -0.1196 -1.2307 1.0144
-60.4427 -91.1527 -208.7557 0.2490 -1.2854 1.2983
-133.2290 -64.1450 -250.1374 0.8772 -1.0867 0.7708
-250.1374 -61.1603 -250.1374 0.9973 -1.3274 0.6011
35.2290 -0.7710 34.2214 0.8816 -0.4009 0.5574
-15.6489 10.2061 -11.8473 0.9614 -0.1970 0.3906
19.6107 5.0153 3.7939 1.0144 -0.2380 0.3372
5.8931 6.0076 9.7786 0.9734 -0.2222 0.3069
15.1145 14.3588 10.4809 0.9272 -0.2485 0.3872
-19.1374 0.7481 -1.6641 0.9575 -0.2437 0.3870
9.9160 -1.4504 2.9695 0.9785 -0.2126 0.3396
9.2824 23.9389 1.3359 0.9541 -0.2703 0.4673
120.2214 180.7863 250.1298 1.2268 -1.4673 1.6082
40.7176 -40.7023 250.1298 0.6392 -1.3975 0.8079
15.4504 68.3206 250.1298 -0.2502 -1.6646 0.9790
-20.1221 111.2290 250.1298 -0.4167 -1.3159 1.0312
59.3740 180.1985 250.1298 0.1658 0.0732 0.6628
-53.5649 15.1832 111.2137 -0.3667 0.3582 0.0408
-18.5114 -25.9771 70.5802 -1.5598 0.1799 0.7537
70.6565 -82.0382 45.5878 -0.8394 0.6042 1.5237
165.2137 32.6183 -63.0229 -0.2908 0.1501 1.2322
185.6717 56.8702 -102.6641 0.0442 -0.2324 0.4277
97.9695 140.7633 -39.3893 -0.2273 -0.3879 0.6077
148.4122 190.9542 -2.3282 0.0347 0.2251 -0.4946
3.0611 42.7786 34.4275 -0.4470 -0.0486 -1.3638
99.0992 -70.5344 -1.7099 -0.4175 0.0833 -1.3916
-80.5191 -82.8168 -16.7634 -0.5298 -0.2727 -1.9331
-23.7786 -250.1374 20.2748 -0.0417 -0.1843 -0.8662
-147.0305 -207.5038 121.5420 0.3787 -0.5854 0.5449
-221.8244 -65.2748 124.8397 -0.1050 -0.1172 0.9221
-18.9389 -34.1450 129.2672 -0.1941 0.6323 1.0735
-83.3740 73.5420 14.8855 -0.5552 0.7673 0.8147
-67.4275 96.6260 -28.9847 -0.5527 1.0986 0.8530
-139.4504 -119.7557 -171.7863 -0.6912 0.5994 1.0137
-49.3969 42.4885 -197.7405 -0.4768 0.2273 0.8784
-49.1450 -82.1069 -180.4504 -0.2871 0.0220 0.4226
-48.8168 -140.9618 -213.1603 -0.2800 -0.5991 0.8999
-1.3817 -206.9389 -179.6641 0.0391 -1.2100 1.3862
-53.5420 -118.6947 -208.1756 0.5435 -0.9138 1.2896
-144.0763 -47.6947 -249.1527 0.8069 -0.8838 0.9717
-100.9847 -103.1069 -196.0916 0.9736 -0.5825 0.7300
-107.3435 -37.1450 -14.9008 0.9485 -0.2385 0.7864
-3.4656 23.4656 -9.1756 0.9802 -0.2224 0.4495
-17.2901 6.7023 -6.9313 0.9922 -0.2302 0.4397
14.6336 -0.9618 6.8015 0.9973 -0.1582 0.4319
9.1832 -3.6565 -4.6718 0.9734 -0.1731 0.4436
-9.4122 12.2977 -5.3206 0.9861 -0.1863 0.4302
-6.6260 8.8779 -3.5802 0.9565 -0.2148 0.4363
-3.4885 9.8092 -4.5954 0.9553 -0.2405 0.4131
5.3969 15.2824 19.1374 0.8767 -0.4480 0.5269
-67.6107 59.5496 181.6794 0.8662 -1.2383 1.0386
128.4656 0.5802 250.1298 0.9360 -1.8850 0.8779
106.6641 142.6336 250.1298 0.4199 -1.3142 0.8701
85.3435 94.5267 250.1298 0.0891 -0.7581 0.9465
70.6641 95.9313 238.0611 -0.3083 -0.0532 0.5117
-4.2519 76.7939 151.7099 -0.4832 0.4910 0.3811
-48.9160 16.3282 55.1145 -0.9602 0.6123 0.6904
80.2443 -88.2137 112.9847 -1.2183 0.4380 1.2344
102.3206 -23.4351 -15.9924 -0.7417 0.5791 0.6943
108.1832 -18.5725 -130.4733 -0.1877 0.3953 0.7971
163.1374 -22.1832 -71.5344 -0.2688 0.1428 0.8984
151.0458 195.2214 -119.3893 0.0310 -0.3367 0.3076
-54.2519 250.1298 -45.1069 -0.0867 -0.0527 -1.3328
61.2061 109.6260 -14.4427 -0.2080 0.2896 -1.4644
14.2901 -65.0076 -18.1985 -0.4741 0.0288 -2.0000
-72.7099 -182.1603 7.3817 -0.3240 -0.1995 -1.0649
-81.0687 -215.1374 60.9695 -0.1458 -0.1975 -0.1731
-111.5954 -114.4122 107.2214 -0.0105 -0.0854 0.6560
-173.1832 -46.5496 105.0840 -0.0393 -0.1487 1.0588
-215.4656 -19.5191 24.8244 -0.6204 0.1338 1.5986
73.3511 96.5115 51.6794 -1.0054 0.4390 1.4551
1.5573 138.5649 -101.0840 -1.1138 0.4412 -0.0989
-5.5191 -203.7176 -72.3588 -1.0801 0.1941 0.3896
-31.7939 -11.1221 -132.2748 -0.6792 0.2280 0.7065
-17.5573 -54.4885 -123.9695 -0.6050 0.1206 0.3718
-40.6718 -52.1832 -112.7863 -0.6738 -0.3135 0.7073
-3.5420 -91.2824 -124.3511 -0.3110 -0.1814 0.7852
-23.0534 -98.7176 -173.8550 -0.0100 -0.7861 1.2146
-44.2214 -43.8626 -175.2595 0.1221 -1.1060 1.3152
-37.3359 -3.1908 -144.5649 0.1602 -1.2324 1.1841
-67.6565 -35.2824 -124.3740 0.4272 -0.6936 0.6619
-31.5420 -22.3740 -43.3664 0.5464 -0.6152 0.6958
-15.6947 11.4580 -2.3664 0.5383 -0.6736 0.7212
-0.5954 -2.9695 3.0687 0.5688 -0.5818 0.6548
-2.9542 0.8015 -7.4885 0.6187 -0.5684 0.6406
16.3359 -2.1221 15.1985 0.6201 -0.6667 0.6555
16.9924 2.6031 3.3588 0.5845 -0.6345 0.7070
12.6260 10.3740 2.8931 0.5574 -0.7043 0.7104
7.2977 10.1603 8.3588 0.5676 -0.7002 0.7278
6.9542 8.0534 7.8473 0.5630 -0.6885 0.7454
-41.4580 9.8168 137.4504 0.2920 -1.2930 1.0842
61.7099 82.2214 192.0382 -0.0278 -1.6882 1.0173
70.2366 54.4198 217.4809 -0.1182 -1.4155 0.8992
95.3359 115.4504 250.1298 -0.1958 -0.9956 0.9294
98.5573 133.0611 250.1298 -0.0706 -0.4419 0.6514
23.0229 135.3359 148.8015 0.0837 0.3237 0.0195
-19.4504 18.6947 38.0763 -0.7371 0.8501 1.1687
28.5267 -8.9466 67.1145 -1.3887 1.0115 0.6292
121.7328 -46.8550 53.3435 -0.7283 1.0757 0.6492
69.4809 -26.5496 -122.0076 0.0215 0.3237 1.0164
179.0229 11.5420 -152.5038 -0.0503 -0.2922 0.8577
197.9466 116.2901 -82.8397 -0.2288 -0.7129 0.3750
-13.2595 123.1221 -61.9237 -0.4771 -0.0957 -0.6755
-25.3435 130.4656 -54.1756 -0.4531 0.1201 0.3030
-21.4656 -52.6947 -10.0916 -0.7405 -0.0732 -2.0000
-98.9618 -171.1145 -5.0687 -0.3611 -0.2642 -1.2422
-101.4657 -160.0763 48.0992 -0.0923 -0.2632 -0.2212
-193.9313 -56.0305 49.1221 -0.0466 -0.3013 0.7410
-125.2748 -42.6260 28.9695 -0.3669 -0.5107 1.2358
-91.8855 -77.9008 25.8779 -0.6455 0.2412 1.5344
-68.5725 52.1450 -81.2901 -0.9458 0.8730 1.9011
23.5878 104.8473 -122.8397 -1.2402 -0.0046 -0.1025
99.0611 -68.5038 21.2366 -1.3325 0.3960 1.0515
-14.4046 33.6870 -26.0611 -1.3682 -0.1904 0.7529
7.7939 -24.1298 32.0000 -0.6965 -0.0186 0.9353
20.1221 -19.5725 -50.3588 -0.5242 -0.0415 0.5156
-28.0992 -41.0687 -116.4809 -0.4502 0.0308 0.2815
12.4122 -80.1908 -91.1985 -0.5154 -0.1331 0.6746
-17.8397 -35.3817 -112.3588 -0.4238 -0.5852 0.9204
10.4733 -55.3817 -128.1832 -0.2773 -0.7788 1.1116
-9.2061 18.2061 -137.0229 -0.1150 -0.9956 1.2678
23.1145 -8.5420 -74.9695 -0.0808 -0.9724 0.8569
31.2977 -38.2137 -14.6336 0.0410 -0.7124 0.7173
13.9389 -26.1069 -8.2290 0.1797 -0.6096 0.7627
-28.8855 7.1832 -42.6031 0.1455 -0.6384 0.8584
-19.8473 3.7176 -33.6718 0.2205 -0.7488 0.8865
-22.8015 19.9008 -21.3817 0.2205 -0.7549 0.9136
-5.2214 -5.2366 0.5191 0.2268 -0.7439 0.8701
-3.6870 5.8931 4.1985 0.1897 -0.7634 0.9531
-44.4427 52.3817 15.9313 0.0093 -1.1829 0.9143
-14.7176 29.9695 152.1374 -0.2593 -1.6533 1.0166
9.3511 56.7099 226.9466 -0.3040 -1.2502 0.9678
-54.2214 71.8321 250.1298 -0.4080 -0.8738 1.0244
12.3359 22.7252 153.5420 -0.8245 0.1074 0.5369
74.9237 -51.7634 119.5802 -1.5327 -0.2827 0.6008
151.2824 3.7023 4.7710 -0.3755 -0.0586 1.1489
128.0000 126.5802 -36.2748 0.1025 -0.4204 0.9590
212.5114 135.5038 -20.4580 0.1194 -0.4956 0.3059
7.9924 184.3053 -3.3130 -0.1858 -0.1235 -1.4644
5.8092 92.5802 -5.5420 -0.5073 0.1003 -1.1653
-60.1756 88.6260 26.4733 -0.4585 0.4419 -2.0000
-65.0000 -137.4733 14.2290 -0.4536 -0.1050 -1.4395
-100.5115 -191.6947 67.9466 -0.0408 -0.5247 -0.3201
-205.4886 -81.5725 83.5954 0.2815 -0.1521 0.8259
-83.2595 -69.0076 74.7863 -0.0378 0.3250 1.1860
-67.6107 -38.2748 64.0076 -0.6257 0.2688 1.2520
-56.6794 60.0153 14.0458 -0.6799 0.6777 1.0923
-13.8626 -0.9924 -161.9389 -0.7708 1.0239 0.2932
-106.3970 -80.8550 -162.5802 -1.1448 -0.1499 1.3220
-52.1374 13.0305 -45.7557 -1.4316 -0.1069 1.0820
-12.7252 -18.2519 -17.1985 -0.7732 -0.0483 0.8245
-34.5573 5.1908 -35.6794 -0.7419 0.0234 0.7622
12.4122 -8.0076 -56.0382 -0.4351 0.1614 0.6267
-45.6870 -44.1679 -112.8397 -0.5034 -0.2468 0.3489
-21.8321 -112.1756 -135.8244 -0.1458 -0.2986 0.8779
-16.2672 -53.7786 -153.4809 -0.1770 -0.7522 1.1287
-18.4046 -59.2214 -165.6412 0.1770 -0.6855 1.0232
-55.9771 -27.0382 -170.9847 0.3091 -0.7969 1.1443
-124.0153 10.3588 -86.9618 0.1599 -1.1973 1.3569
-56.0153 -31.4733 -67.4733 0.4382 -1.0007 0.6116
4.3511 8.1450 -1.3053 0.5366 -0.8279 0.7173
30.5496 -22.8015 21.2443 0.5425 -0.8167 0.6694
-1.7481 1.3817 10.7099 0.6025 -0.6792 0.8862
19.6489 -4.8779 11.3359 0.6172 -0.6526 0.8020
-1.5496 14.1527 -1.2748 0.6062 -0.6924 0.7573
7.4122 -1.1069 -2.0687 0.5750 -0.7275 0.6907
-0.6489 15.5191 -8.7405 0.5784 -0.6963 0.6873
-12.1985 28.2901 -1.7023 0.5273 -0.8054 0.6921
-5.4046 6.8779 33.5267 0.4036 -1.0728 0.7732
125.5878 -25.3435 250.1298 0.1775 -2.0000 0.8420
65.0840 151.4886 250.1298 0.3853 -1.6423 0.8428
34.8015 116.7176 250.1298 0.2554 -0.3918 0.5425
-13.7939 109.4733 106.3435 -0.6177 -0.0449 1.3921
93.5267 -94.6489 126.9695 -0.9778 -0.3892 1.4990
127.9160 0.7252 44.1069 -0.7256 0.6807 0.6423
69.3740 -104.3435 -108.4733 -0.1206 -0.2932 1.2446
144.6412 126.9466 -64.4351 0.0068 -0.5835 0.8953
134.1374 239.1450 17.0840 0.2693 -0.1160 0.6404
-111.1298 118.9237 36.2519 -0.3245 0.1326 -1.1609
4.3206 -2.7176 -22.8015 -0.6743 0.4399 -1.9375
-16.7252 -120.0153 -48.7557 -0.6797 0.1472 -2.0000
-24.3359 -200.6488 22.9695 -0.1213 -0.0747 -0.5356
-139.5802 -129.8855 122.9618 0.0129 -0.4031 0.5181
-42.8550 -73.2137 115.6107 -0.2585 0.1270 0.8472
-124.2443 42.8321 87.4962 -0.2722 0.5320 0.6445
-33.7710 -37.7939 45.7863 -0.7432 0.8818 1.2114
-6.4733 -34.1527 -101.0229 -0.9231 0.8699 1.1968
-51.7023 -58.1145 -83.8550 -1.0383 0.3457 0.6746
-11.0458 -27.3969 -69.5496 -0.9741 0.3008 1.0884
-26.7481 -32.2214 -44.9771 -0.8096 0.2119 0.5930
-19.7939 -16.8397 -97.8321 -0.4126 0.1841 0.5457
-7.6794 -71.4962 -157.6794 -0.3389 -0.1611 0.3826
-23.5802 -105.1679 -238.8473 -0.0767 -0.4490 0.5554
-0.3817 -84.1985 -172.2443 -0.2295 -1.2759 1.4333
-13.1908 -70.0382 -143.0153 0.1533 -1.0891 1.1218
-63.1679 -41.2595 -159.7557 0.2671 -1.5056 1.3059
-105.1756 39.6489 -78.7405 0.2844 -0.9390 1.0059
-76.7710 -24.3740 -71.4122 0.4224 -0.8528 0.7883
-39.7023 -28.0992 -26.3588 0.5774 -0.7642 0.7705
8.7481 -19.0611 3.9313 0.6577 -0.6794 0.6021
3.3359 -2.3435 5.3588 0.6504 -0.6091 0.5977
-9.0916 13.5344 -6.4656 0.6404 -0.6277 0.5674
12.2290 14.1145 41.8015 0.5415 -0.8254 0.8123
-15.8779 104.0153 120.8015 0.3381 -1.3911 1.5557
81.5573 152.6717 243.9466 0.2114 -1.6553 0.9536
-15.8626 89.4657 207.9847 -0.4055 -1.4128 0.3362
-6.2366 -12.2061 250.1298 -0.1704 -0.4788 0.2007
6.6870 -4.9160 194.1603 -0.1365 0.1169 0.6743
-3.1069 99.4809 -2.1145 -0.8311 0.7378 1.0945
52.7863 -136.0916 47.3740 -1.3933 0.0327 1.9680
129.0382 -25.7863 6.6031 -0.9402 0.6208 0.7131
114.8855 -55.1298 -89.7634 -0.0308 -0.2800 1.1919
103.1145 124.6107 -60.0382 -0.0349 -0.7349 0.5825
155.6947 147.0611 -50.2366 0.0093 -0.0881 -0.2578
130.3511 -25.5954 10.3588 -0.2937 0.2217 -1.1477
-81.4657 62.7099 -18.6794 -0.7092 0.1274 -2.0000
-56.4656 -115.0000 17.5954 -0.3521 0.2168 -1.7808
-146.1908 -193.8168 27.3435 -0.0459 -0.5410 -0.1064
-147.2137 -102.2748 103.3435 -0.1125 -0.5364 0.5833
-154.1145 -80.0382 82.2366 -0.2097 0.1340 0.6602
-216.3969 -121.4275 28.5038 -0.6812 0.0210 1.8489
36.4656 165.4351 48.7939 -0.7659 0.7664 1.6736
-57.4504 116.0458 -23.4733 -0.9888 0.5886 0.6702
-42.0534 20.6336 -147.7405 -0.9727 0.2161 1.9702
3.3282 -14.8702 -44.9924 -1.1648 0.1636 0.8623
-12.8550 5.1221 -18.1298 -0.6743 0.0129 0.5051
-34.3740 -40.9466 -78.9389 -0.4763 0.2314 0.5063
-39.1298 -53.5496 -134.4656 -0.7825 -0.3330 0.9548
-27.4504 -40.2672 -150.6947 -0.6150 -0.4785 0.7944
13.3664 -61.2519 -140.3359 -0.3225 -0.4941 1.1099
58.1145 10.1527 -90.2214 -0.4924 -0.6145 1.1936
41.0000 -63.5267 -105.1679 0.0557 -0.4429 0.7581
-0.4656 -45.0992 -85.5573 0.1013 -0.6731 1.0137
-16.3206 -71.0000 -85.3970 0.2756 -0.5862 1.0225
-57.9008 -24.6489 -91.4962 0.4041 -0.6582 0.9890
-54.4122 13.3359 -47.3664 0.4312 -0.5132 0.8396
-28.3130 7.8550 -44.5725 0.4312 -0.5454 0.7861
-4.5344 -10.0229 -9.0153 0.4602 -0.5801 0.8208
-6.8015 9.3511 -5.4656 0.4927 -0.6230 0.9231
-2.2137 7.2137 2.6107 0.4917 -0.5984 0.9192
0.2824 7.7176 11.4198 0.5054 -0.5972 0.8879
-46.4351 54.3130 48.5344 0.3794 -0.9033 1.0017
-27.3740 100.3435 191.1298 0.2737 -1.2737 1.3022
-1.5038 137.1069 225.2748 -0.1904 -1.1755 1.1726
-17.3130 137.6947 250.1298 -0.1130 -0.6582 0.2256
4.5496 35.3053 201.7176 -0.3157 -0.1106 0.6350
-39.2595 97.9618 45.3969 -1.3777 0.5818 0.7522
81.7099 -120.8779 152.0153 -1.4763 0.3738 0.9871
180.8092 -29.9008 27.4122 -0.7395 0.4380 1.0522
159.2901 40.4122 -114.2748 0.1396 0.0620 1.1404
161.6947 213.1374 -38.3359 0.0845 -0.5332 0.3445
59.2977 221.7405 -10.1832 -0.1482 -0.2996 -0.4927
49.0992 125.3511 -17.7710 0.0066 0.5015 -1.0952
-48.3969 -13.6718 -80.0840 -0.4548 -0.0808 -2.0000
-50.5649 -196.2901 8.7176 -0.1965 -0.1602 -1.4023
-105.0229 -205.5572 47.8626 0.0015 -0.3335 -0.2383
-163.2519 -61.5649 81.1985 -0.2302 -0.3489 1.0688
-64.3893 -55.5420 131.8397 -0.4265 -0.5000 0.9983
-104.1527 -23.5725 54.0076 -0.4158 0.3909 0.6719
-101.9389 -78.5802 -51.7252 -1.1401 0.3823 1.1538
-40.4275 -31.4656 -130.6870 -0.9441 0.2549 1.0276
-67.1374 -105.5878 -223.0534 -1.0881 -0.1243 1.2986
-46.9924 3.9084 -179.7405 -0.7822 0.0779 1.1445
-19.4122 -70.9924 -96.9237 -0.5544 -0.1667 0.5562
-40.7481 -75.7634 -186.7939 -0.2026 -0.1943 0.6672
3.7863 -129.5649 -194.5114 -0.0378 -0.3118 0.6331
-65.8550 -59.1985 -186.4504 0.0840 -0.5093 0.9583
-77.2748 -5.7023 -213.9084 0.4607 -0.6592 0.8774
-86.8779 -4.2519 -127.3283 0.3921 -1.0635 0.7559
-0.0687 -11.5191 -3.6947 0.5466 -0.6294 0.6499
6.8168 -8.5420 -11.2748 0.5461 -0.6453 0.6597
-9.9924 4.9466 -14.6794 0.5457 -0.7207 0.6882
8.1832 4.0305 8.5420 0.5950 -0.6624 0.6697
5.1221 3.3282 7.3893 0.6055 -0.6343 0.6733
2.4351 1.8473 2.4198 0.5835 -0.6682 0.6921
2.3817 9.1756 15.3130 0.5476 -0.7695 0.7625
-28.3282 79.7405 99.6412 0.3772 -1.3110 1.2556
38.3588 133.6336 250.1298 0.2478 -1.8679 1.0569
32.2672 112.8855 250.1298 0.1318 -1.1731 0.3059
-39.3130 30.7176 250.1298 -0.0540 -0.2747 0.0100
-80.0076 7.2824 121.6107 -0.5173 0.3818 0.4731
19.3817 -28.7099 70.2366 -1.4529 0.3396 1.3755
60.7405 -37.2214 64.9084 -1.3784 -0.2131 1.3596
189.3969 6.1374 50.5267 -0.5264 0.0376 1.2532
220.0076 122.5191 -112.0153 0.2432 -0.4817 0.7930
228.1298 175.6947 -47.9542 0.1829 -0.3948 0.2075
74.3970 178.4504 16.7099 -0.0093 0.2288 -0.9116
-32.0076 120.3130 -11.8702 -0.4656 0.1523 -2.0000
-61.9618 -116.0687 2.5038 -0.5056 -0.0471 -2.0000
-75.8397 -250.1374 -5.3893 -0.0742 -0.2520 -0.7661
-127.4428 -81.6489 61.5267 -0.2810 -0.3757 0.4204
-125.3511 -46.8550 109.8397 -0.2754 -0.0122 0.7092
-138.3511 56.2290 58.1374 -0.3750 -0.0757 1.3401
-74.4351 -39.4046 113.7863 -0.8352 0.0034 1.2427
-32.2748 95.1374 -120.6489 -1.0608 0.8059 1.3633
-38.3053 15.5954 -117.9771 -1.0208 0.8162 0.8513
-24.0229 -14.0382 -101.5038 -0.6731 0.2571 0.3394
-24.0305 -35.3511 -147.1832 -0.5540 0.0984 0.6589
25.2290 -78.4275 -175.1756 -0.3186 -0.1416 0.6011
38.6565 -84.1832 -165.5343 -0.4109 -0.4771 0.9985
17.9695 -46.7863 -125.7099 -0.3889 -0.4170 0.5830
-10.7634 -78.9542 -159.1527 0.2888 -0.5237 0.8560
-30.4275 -44.8244 -161.7786 0.2896 -1.3259 1.1956
-29.0611 -8.6489 -36.7176 0.2996 -0.9524 1.0857
-11.0458 -0.8550 -5.9847 0.3875 -0.5635 0.8928
-35.1374 -12.4504 -25.8473 0.4038 -0.7412 0.8098
-16.3664 -1.0076 -20.9924 0.4995 -0.6943 0.8467
-2.2901 1.8473 -7.8702 0.5081 -0.6987 0.8384
0.1298 5.1756 -3.2137 0.5132 -0.6729 0.8359
-11.4275 11.0687 -6.4656 0.5039 -0.6599 0.8408
-37.9695 40.3664 -5.1450 0.4529 -0.7568 0.9727
-113.8244 85.1374 54.6794 0.1284 -1.3528 1.2397
-11.1450 67.6107 225.0763 -0.0393 -1.8008 1.1304
36.8473 73.4886 250.1298 -0.0603 -1.3740 0.6421
8.2061 41.8092 250.1298 -0.0483 -0.9407 0.1694
-35.7481 6.6031 182.4656 0.0068 0.2627 0.2961
-67.7328 95.6947 47.2901 -1.5212 0.2505 0.8064
97.6947 -124.3053 78.3970 -1.5535 -0.0212 1.0410
129.4122 -32.3664 19.6794 -0.5696 0.2180 1.4004
205.4656 187.4351 -79.3130 0.0869 -0.4126 1.1553
238.0076 146.9160 -27.1603 0.0200 -0.5166 0.2813
139.9466 220.6412 -34.0458 0.1094 0.2136 -1.2439
32.5038 41.5649 40.0229 -0.1914 0.2329 -0.6272
-69.2366 -70.5573 -25.1069 -0.4158 0.1523 -2.0000
-93.5420 -249.6107 20.0000 0.1243 -0.1826 -0.7366
-139.5343 -139.2901 52.6183 0.2024 -0.4380 0.5693
-133.3359 -33.8702 121.5649 -0.0852 0.1106 0.8293
-106.0458 -45.1679 45.4580 -0.7373 0.4048 0.4470
9.5954 21.8473 -16.9618 -1.2617 1.7776 1.9999
-13.9313 26.4351 -100.5878 -0.9285 0.1082 1.3652
-4.1298 -14.8473 -68.6260 -0.6335 0.4519 0.7024
-43.7099 -77.4428 -124.3893 -0.7178 -0.1160 0.5378
-7.1527 -71.7786 -150.3969 -0.5137 0.0813 1.0046
54.0305 -87.8550 -158.6260 -0.2151 -0.2178 0.6382
11.8092 -149.3893 -195.4198 -0.1426 -0.9426 1.3962
-7.5649 -90.4428 -130.7939 0.0708 -0.8437 1.4385
-30.8473 -55.8626 -155.3206 0.3853 -1.0129 1.4622
-94.9084 29.1298 -102.5267 0.3623 -0.9539 1.1206
-83.0840 10.1756 -60.5878 0.4524 -0.6738 1.3545
-70.3130 -2.9008 -67.8244 0.5962 -0.5430 0.7036
-3.1450 -10.7405 -15.1985 0.6528 -0.6230 0.6638
23.5420 -8.4046 22.0916 0.6257 -0.5789 0.8540
-8.0763 6.4733 -3.7176 0.6558 -0.5015 0.7759
-0.1985 2.2824 -0.0992 0.6689 -0.5405 0.6824
9.2595 2.3511 4.7557 0.6528 -0.5366 0.6914
-97.1374 31.0229 34.1603 0.4727 -0.9585 0.9602
-40.1985 -1.2748 250.1298 0.4185 -1.8879 1.1331
12.4122 56.1298 250.1298 0.1311 -1.7981 0.8247
41.7786 78.5267 250.1298 0.3469 -0.9521 0.4436
-1.7099 43.7710 248.1450 0.0444 0.1221 0.4490
-61.2672 42.0000 83.8779 -0.8264 0.2661 1.4792
122.4657 -103.2519 95.9924 -1.5771 0.3865 0.3745
250.1298 -93.7634 13.1908 -0.7649 0.1938 1.7542
88.0076 159.8626 -186.6412 0.7607 -0.4402 1.1794
239.0840 86.8626 -169.3359 0.1992 -0.8118 0.3313
-47.0076 214.1221 -19.3588 -0.3169 0.1816 -1.3779
10.5878 90.8702 -27.8702 -0.6780 0.1899 -1.6682
-90.9924 -154.8321 -0.9542 -0.5442 0.0278 -1.9851
-79.0992 -250.1374 91.3053 0.1445 -0.5344 -0.1177
-148.0763 -60.7863 132.9160 0.1638 -0.3948 1.0215
-157.8397 -9.0229 126.1756 -0.0500 -0.0178 1.2397
-148.8397 97.5267 19.6336 -0.4646 0.5276 1.9045
-55.8092 41.5496 -144.1374 -1.1062 0.8928 0.8909
6.9847 -6.4962 -114.3359 -1.4575 0.6094 1.6926
6.0840 42.6947 -112.3130 -0.7776 -0.0032 0.6050
12.2595 -45.5420 -108.1527 -0.5979 -0.3286 0.4727
-42.0687 -96.7710 -180.7939 -0.3982 -0.6345 0.9438
-3.6641 -68.4580 -176.6107 -0.3076 -0.8379 1.1196
6.6336 -7.4733 -153.3206 -0.3035 -0.9275 1.1223
1.0763 -59.9542 -146.6260 0.2207 -0.6768 0.9250
-58.4809 -45.2519 -142.7405 0.3105 -1.1123 1.3125
-38.1374 6.8015 -16.7176 0.4280 -0.6689 0.7449
2.9160 -3.0000 6.7176 0.3484 -0.7251 0.8010
-9.9618 4.8473 -1.6794 0.4099 -0.6060 0.7917
-0.9084 3.5420 -6.7252 0.4370 -0.6384 0.8416
-0.1908 2.6794 -1.7634 0.4241 -0.6116 0.7881
-6.1221 4.4275 -7.8931 0.3784 -0.6729 0.7803
-11.0382 3.2977 10.1832 0.3530 -0.7673 0.8413
-67.8321 51.1679 83.6107 0.0229 -1.3115 1.5298
-8.7023 103.0992 209.7710 -0.0081 -1.5996 1.0984
-29.1374 102.6947 246.6183 -0.1562 -1.2273 0.5676
-48.3359 73.6718 223.2824 -0.0371 -0.3123 0.0251
-40.5954 -44.8321 128.3053 -0.4937 0.1331 0.7119
-23.0382 -110.6718 88.6336 -1.6301 -0.3496 1.0815
23.6718 -63.2748 58.4656 -1.5525 0.2795 1.1184
153.3053 -17.6641 -17.4504 -0.5090 -0.0088 1.2957
170.2366 30.2672 -28.4122 0.0371 -0.4771 1.7510
167.5572 242.6794 1.0458 0.3276 -0.8674 0.3699
106.2443 120.3130 50.3130 -0.1392 -0.1230 -0.8054
1.1374 149.3282 -1.7099 -0.3965 -0.1243 -1.1265
31.6336 14.8931 -1.8321 -0.3130 0.4929 -1.4463
-62.6947 -141.7786 -19.9924 -0.3574 0.1155 -1.6553
-70.5496 -236.6107 -11.8397 0.0027 -0.3933 -0.3535
-213.1221 -27.0840 55.6489 -0.0278 -0.3633 0.5508
-88.2901 -106.0687 145.8855 -0.4392 -0.4624 0.9805
-123.0382 24.9695 106.0840 -0.4248 0.1907 1.4465
-17.0458 51.9771 35.0458 -0.6841 0.6272 1.1655
-25.0611 5.2443 -245.1221 -0.9834 0.7241 0.8713
-39.9466 -40.5725 -168.5878 -0.7637 -0.0420 0.7842
-7.2061 -51.6947 -213.5725 -0.7981 -0.5845 0.9148
18.8550 -51.8702 -160.2137 -0.8794 -0.4954 0.8164
34.1298 -92.6412 -106.2290 -0.4749 -0.4919 1.3672
-5.7405 -68.4428 -145.0305 0.0093 -0.3923 1.1584
-24.5725 -55.3511 -163.7786 0.2439 -0.7083 1.0293
-111.7557 -30.6336 -177.8931 0.3726 -0.7058 0.9009
-61.5115 -77.6794 -62.8779 0.4766 -0.6472 0.4624
-109.2366 -12.1679 -88.3053 0.5513 -0.7124 0.6187
-14.0840 -8.7405 -12.6947 0.6033 -0.6052 0.4717
-4.7481 -4.2443 -13.1069 0.6128 -0.6892 0.5674
42.4122 -20.7481 21.4351 0.7124 -0.5552 0.5674
22.6565 9.3359 42.9542 0.5469 -0.8967 0.8035
0.1527 108.8397 176.2519 0.3599 -1.8389 1.0959
75.6641 70.8779 250.1298 0.2163 -1.7246 0.5999
34.9237 105.7481 250.1298 0.1038 -0.7502 0.6528
-17.2901 110.6107 209.9618 -0.0791 -0.0769 0.2507
-70.6336 178.3740 154.5420 -1.0703 -0.2939 1.9999
32.7786 -108.7481 144.0458 -1.5293 -0.4185 0.5881
129.0534 19.7939 27.7710 -0.5347 0.0540 1.0227
118.5573 35.0840 -22.4809 -0.1133 -0.2212 0.9294
167.0382 132.0840 -7.4198 -0.1216 -0.2959 0.5129
227.5038 175.3969 -10.6718 0.1260 -0.1582 0.1243
45.2061 131.7099 -2.2748 -0.4207 -0.1787 -1.3218
56.1069 41.4962 -31.3206 -0.2683 0.2849 -1.9111
-57.3664 -117.0687 -7.8550 -0.4265 -0.2043 -2.0000
-90.4046 -232.2595 34.9695 0.0078 -0.3071 -0.5356
-152.5420 -119.4198 94.7099 0.0923 -0.3169 0.4900
-162.1603 -74.9695 81.8550 -0.0842 -0.2966 0.7993
-154.5878 53.0534 66.5878 -0.2705 0.2424 1.3906
-134.3053 156.9771 -55.6565 -1.3147 1.1982 0.8640
23.0305 6.0458 -175.9008 -1.3928 0.6519 0.3962
34.6565 -69.1298 -75.3359 -0.4019 0.5830 0.1711
-36.0458 -69.7176 -209.6794 -0.3806 -0.1509 0.6086
-10.6718 -63.4198 -250.1374 -0.0894 -0.6333 1.1558
70.1756 -9.3435 -250.1374 -0.2913 -1.9106 1.1055
-15.4809 -154.2443 -250.1374 0.6296 -1.3796 1.4238
-113.3053 34.4351 -157.6336 0.1123 -1.4468 1.1541
-5.8702 -69.3206 -3.6183 0.4456 -0.6189 0.9146
-25.4275 -7.9618 -22.1985 0.5583 -0.4954 0.9683
1.4504 16.3664 -18.7710 0.7026 -0.7090 0.7949
0.9771 -10.6412 14.2595 0.6990 -0.5181 0.6814
6.7405 0.0763 12.2137 0.6506 -0.4954 0.6433
-1.8015 10.3053 -8.6107 0.6909 -0.5620 0.6064
-9.9847 14.8015 22.9084 0.6609 -0.5374 0.6753
8.8168 5.5802 -0.7939 0.5823 -0.6187 0.6948
6.6260 3.0076 0.7328 0.6023 -0.6252 0.6536
-19.9237 6.3588 21.5114 0.4712 -0.9790 0.8171
2.9847 21.7023 237.7328 0.4170 -2.0000 1.0078
-13.8779 39.3206 250.1298 0.1309 -1.5996 0.7737
-23.3130 61.8626 250.1298 0.2454 -1.1328 0.7817
59.8779 77.4122 250.1298 0.1377 0.0425 -0.0417
-103.3817 -36.1145 31.1603 -0.3821 0.3665 -0.0818
47.9084 -191.9389 16.2290 -1.8206 -0.3120 0.3423
113.0763 -111.8626 91.0382 -1.7615 -0.0212 1.3479
184.7939 25.8092 36.2290 -0.5415 0.0146 1.1155
166.9695 44.1145 -93.6107 0.2017 -0.2419 0.9438
250.1298 43.8855 -88.7023 -0.1611 -0.8987 0.5986
87.8473 250.1298 -23.9084 0.2307 -0.0259 -0.2271
28.5725 44.6260 -37.8092 -0.3694 -0.3057 -2.0000
-89.7328 18.8931 -40.9313 -0.6399 0.2007 -2.0000
-16.3588 -248.6260 -20.9771 -0.1079 -0.2002 -1.4116
-158.3282 -250.1374 64.9847 0.2717 -0.9346 0.3594
-223.9313 -7.6489 112.3740 -0.0662 -0.6987 1.0791
-155.9771 -0.4580 104.5878 -0.0889 -0.0784 1.0659
-68.6641 64.7557 8.5038 -0.5884 0.4160 1.3040
-89.9160 250.1298 -156.8855 -1.7573 1.3584 1.2778
72.8550 -37.3435 31.7405 -0.8013 0.8271 0.2944
21.2137 -0.7481 -61.8015 -0.3616 0.3381 0.1809
20.4885 -75.9542 -141.9542 -0.1724 0.2153 0.4529
33.0840 -97.4733 -250.1374 -0.0486 -0.2122 0.9612
84.0687 -82.9542 -147.4198 -0.5696 -1.5388 1.1870
29.3817 -96.0076 -118.4198 -0.1667 -1.2371 1.3003
1.2824 -66.4504 -106.7405 0.2556 -0.8411 1.2859
-89.7939 -6.4580 -160.4886 0.4507 -0.7695 0.9514
-139.3817 -100.9084 -122.6031 0.8333 -0.6550 0.6396
-38.9237 16.9542 -41.8931 0.7280 -0.6731 0.7756
12.6565 10.2137 -4.4275 0.8132 -0.5337 0.6025
6.8855 11.2901 -7.6260 0.8420 -0.4150 0.4958
5.5802 11.1603 2.6718 0.8394 -0.4851 0.5603
8.8931 9.4275 -1.5954 0.8289 -0.4548 0.5811
11.0840 6.8168 2.1221 0.8149 -0.4653 0.5515
8.4046 4.9160 -1.5725 0.8188 -0.4534 0.4915
21.5114 6.0000 6.2748 0.8174 -0.4536 0.5410
19.7634 4.5725 5.0000 0.8147 -0.4568 0.5984
-66.2901 49.6107 48.8626 0.6924 -0.8516 1.0620
16.9924 79.9542 234.0992 0.8066 -1.5698 1.4207
77.9389 170.7099 250.1298 0.7156 -1.4712 0.6824
10.0305 79.2672 250.1298 0.1326 -1.2910 0.3560
-8.8931 58.9771 250.1298 0.1077 -0.3328 0.1108
-39.5878 6.0840 122.1145 -0.3491 0.3716 0.6724
81.8397 47.6412 23.3511 -1.6113 -0.0322 1.0808
65.9084 -18.8473 111.5878 -1.3262 0.5217 0.9646
127.7939 -23.9313 22.2290 -0.7634 0.4478 0.8376
129.5649 17.1450 -76.7176 0.0007 0.0713 0.9041
200.4886 108.0534 -112.1145 -0.0364 -0.2686 0.6123
166.1298 159.4122 -78.3970 -0.2458 -0.5923 0.0962
58.1756 65.1221 -6.1679 -0.3970 -0.2234 -0.8569
22.9008 13.4046 3.3588 -0.5996 -0.1951 -2.0000
-75.8550 -75.3893 37.6870 -0.5142 0.0283 -1.8042
-83.9466 -187.6260 42.9542 -0.2073 0.0544 -0.8464
-128.0458 -109.6336 25.5725 -0.0459 -0.1934 0.1501
-199.3740 -78.6183 51.6183 -0.0466 -0.2510 0.9368
-38.4198 -24.3435 78.2519 -0.3123 0.0024 0.9270
-29.8473 56.2214 69.2672 -0.9873 0.3342 1.4670
-132.9160 77.1756 -186.5649 -0.5320 1.9858 -0.1990
-53.6947 -31.6107 -62.2290 -0.3069 1.0413 0.1213
-0.9924 -31.7328 -75.6718 -0.6448 0.1494 0.4929
-16.0611 -104.7786 -167.9618 -0.3369 0.1995 0.4004
-11.8092 -85.7710 -193.2672 -0.2175 -0.4246 0.9995
11.4580 -102.1985 -146.6641 -0.0579 -0.7080 1.3008
-14.4733 -81.0534 -154.2824 0.2283 -0.6116 1.3420
-46.2519 -81.5191 -174.7710 0.4592 -0.8787 1.3103
-132.6641 -70.7481 -174.4809 0.6191 -0.9072 0.6545
65.7786 8.0840 32.4656 0.7356 -0.5701 0.8748
6.8473 -2.5496 -13.6870 0.7097 -0.5173 0.6147
42.6641 11.0916 -11.7252 0.7786 -0.5251 0.6304
34.2824 12.2290 2.8550 0.7419 -0.5437 0.6829
13.2672 8.6336 2.4885 0.7813 -0.4680 0.6389
20.7557 9.9695 0.5115 0.7527 -0.5315 0.6826
7.2137 11.5344 -0.8168 0.7295 -0.5642 0.7307
-7.9313 26.3053 50.6641 0.5127 -0.8757 1.0806
-58.3511 126.3893 183.2061 0.4392 -1.6582 1.7898
50.4122 92.9771 250.1298 0.5276 -1.6377 1.1558
13.0840 94.0534 250.1298 0.1174 -1.1409 0.3677
-43.6107 46.3359 250.1298 0.0110 -0.6614 -0.0576
-21.9237 90.0305 131.8321 -0.3374 0.4084 1.2854
120.2824 94.7557 -15.8092 -1.2422 0.3757 1.2522
161.1069 -87.5420 107.1756 -1.2522 0.1853 1.4832
215.5420 0.2061 -47.8092 -0.7615 -0.0298 1.0579
122.9313 56.3588 -125.0534 0.3511 -0.6318 0.7507
156.7252 168.6870 -88.7023 0.0554 -0.2368 -0.1028
115.5115 121.0611 -24.8015 -0.5293 -0.0642 -1.6406
-52.0611 -5.4809 -11.9771 -0.9468 -0.4224 -1.1160
-21.6718 -194.8702 59.0458 -0.5256 -0.3369 -1.1567
-103.8473 -174.5572 119.0916 -0.0020 -0.6963 0.5645
-150.8855 -34.2748 108.3817 0.1167 -0.3979 0.7332
-213.2366 -20.3130 66.7328 0.1018 0.2529 0.7998
-163.3588 31.0840 -12.5115 -0.7390 0.0327 1.9999
1.3893 146.9695 -119.5954 -0.9297 0.9951 1.2485
-35.7481 -77.6718 -95.2901 -1.5386 -0.2815 1.2878
102.2290 23.6107 -59.3282 -0.8809 -0.4111 1.2695
46.7481 -131.3969 -77.7252 -0.3284 -0.2954 0.7693
-92.8244 -169.3740 -137.8779 -0.0020 -0.7134 0.9338
-68.8779 -53.6794 -159.5267 0.0288 -0.6689 1.8003
-100.0000 -46.8626 -197.4198 0.3313 -0.6418 1.2261
-114.1908 -19.9847 -233.0305 0.8245 -0.9333 1.1011
-131.7710 -42.2366 -250.1374 0.9712 -1.0474 0.6338
12.6107 -0.7786 26.5114 0.6907 -0.7627 1.3176
-30.3893 -2.2061 -16.4504 0.9326 -0.1533 0.3904
3.1679 0.4656 -12.1450 0.9277 -0.2800 0.5444
19.0687 8.6565 3.9160 0.8979 -0.2881 0.4629
-6.7939 6.5420 -5.6794 0.8730 -0.3696 0.5400
15.3130 5.6031 5.9542 0.8826 -0.3535 0.5305
19.5420 3.8779 3.2290 0.8967 -0.3096 0.5115
-56.6489 48.1756 38.5191 0.8196 -0.5554 0.9824
-63.2443 71.7557 163.6183 0.8604 -1.3701 1.0049
89.0305 81.4428 250.1298 0.9165 -1.6406 0.7874
38.9084 64.8473 250.1298 0.2830 -1.5935 1.0002
-3.0840 166.1069 250.1298 -0.0457 -0.9465 0.8945
7.5649 66.8015 207.8321 0.1677 0.6760 0.3411
-8.6947 61.9695 53.3053 -0.9185 0.3413 0.9614
127.6183 -74.8015 111.2366 -1.1580 0.4800 1.5022
216.8168 -26.5573 -26.5802 -0.5825 0.6040 0.9766
141.0305 56.1832 -115.9695 -0.1650 -0.2275 0.6235
154.0840 84.0763 -131.8397 0.1250 -0.1899 0.3669
113.5191 161.9084 -107.0305 -0.0271 -0.1465 -0.6758
52.7023 56.8779 -7.0916 -0.5684 0.1248 -1.3689
-20.7252 -48.2214 21.6641 -0.8325 -0.4822 -2.0000
-85.4504 -191.9237 67.0305 -0.0842 -0.2808 -0.8320
-45.5038 -143.2443 176.9008 0.2434 -0.4316 0.8835
-195.2137 -38.9924 100.8473 0.0603 0.0122 0.6685
-130.2901 -96.7023 21.4580 -0.7534 -0.3779 1.1362
-7.1069 81.3588 120.5802 -0.7854 1.1094 1.9999
12.4962 32.9160 -55.2748 -0.6902 0.6042 1.7654
-14.1756 -72.1450 -89.9008 -0.5088 0.6191 1.3071
-57.4504 -30.0000 -244.0534 -0.1772 0.4358 0.5093
-13.4962 -84.6641 -250.1374 -0.5505 -0.6294 1.1074
-42.6336 -64.0305 -250.1374 -0.6472 -1.2759 1.1858
-6.1069 6.5954 -231.3664 -0.0095 -0.7412 0.6284
69.1374 -44.4275 -199.2824 0.2664 -1.1709 1.0657
-87.3130 42.2824 -212.3130 0.3513 -1.1079 0.7070
12.9008 -35.1756 -14.5267 0.4685 -0.8538 0.7183
23.2977 -9.7939 25.9313 0.5671 -0.5691 0.7207
-0.3359 9.1221 4.5038 0.5681 -0.6531 0.6685
-4.3053 7.2519 11.2977 0.5854 -0.6367 0.6260
20.6718 2.9237 23.1603 0.5635 -0.6216 0.7178
-67.2519 62.0229 78.0000 0.3188 -1.3706 1.1504
15.6489 38.3740 250.1298 0.2305 -1.8206 1.0920
50.4504 26.7710 250.1298 0.0757 -1.4744 0.4470
27.8855 20.2443 250.1298 0.2026 -0.8569 0.1692
-5.7252 64.3664 240.3893 0.1462 0.0012 0.3015
-24.1832 -47.7863 125.0916 -0.6152 0.6843 1.9065
64.7176 -69.8931 75.2977 -1.5940 0.3979 1.0999
166.7252 18.0992 -17.1221 -0.5110 0.7551 1.1040
166.0305 24.4275 -147.4886 0.4819 -0.1401 0.7998
151.7939 194.8168 -119.9847 0.2373 -0.3367 0.4177
28.8702 190.7023 -53.2519 -0.4736 -0.3616 -1.0950
-48.9695 146.0840 -9.0687 -0.8694 -0.1919 -1.8081
-2.7710 -94.4046 14.0534 -0.7764 0.1326 -2.0000
-52.4809 -192.6870 41.8321 -0.2542 0.0449 -0.7419
-151.7557 -171.4351 90.4962 0.1521 -0.3618 0.1494
-162.5496 -60.6031 116.9389 0.1423 -0.3015 0.8086
-99.2443 17.7557 92.2061 -0.6279 0.2258 0.7136
-96.5954 109.6031 12.0305 -0.6504 0.9548 1.1914
-103.5878 -38.4122 -159.6183 -1.1384 0.2109 0.8452
-2.8702 46.4198 -103.7176 -1.1602 0.3167 0.9583
-2.8092 -125.0840 -7.5496 -0.5623 0.1765 0.4451
-47.7939 -61.5115 -103.0305 -0.4893 -0.0881 0.6772
-57.0763 -43.4580 -153.0229 -0.3347 -0.1614 0.7886
-26.6183 -42.2824 -182.2061 -0.3311 -0.4468 0.8984
0.1145 -56.8550 -189.2061 -0.2361 -1.1357 1.1375
-41.5191 -43.4656 -231.7557 0.1316 -1.2095 1.2012
-69.6718 21.8550 -174.5343 0.2966 -0.7056 0.8066
-73.6336 10.6489 -176.0992 0.5242 -0.7559 0.6919
-37.2443 -44.8397 -143.7099 0.8418 -0.6311 0.8286
19.4885 -29.3130 -64.2901 0.8271 -0.5344 0.7493
-15.6260 5.3206 -20.5344 0.8323 -0.3706 0.7800
1.4275 14.7328 -6.9771 0.8154 -0.4194 0.6953
-0.0687 8.5878 -4.6794 0.8440 -0.3743 0.6519
9.4962 7.7176 10.3359 0.8193 -0.3943 0.6677
-25.7557 33.6107 52.6718 0.7683 -0.8318 0.9077
3.5954 55.7557 208.9389 0.8699 -1.1196 1.1392
34.6260 26.2824 250.1298 0.6885 -1.2200 0.7417
34.1450 54.8244 250.1298 0.2195 -1.4460 1.1084
75.1145 191.6260 250.1298 0.3303 -0.6685 0.5540
-4.8550 77.8855 122.0534 -0.1611 0.4382 -0.1384
22.5191 -32.6641 129.5802 -1.5483 0.3030 1.2800
115.4122 -178.8626 82.6412 -0.9485 0.3962 1.8215
177.3664 -39.4809 -99.3283 -0.3889 0.2297 1.3376
153.8244 132.8702 -188.9466 0.6921 -0.4890 1.1050
158.9160 232.2137 -86.6260 0.4353 -0.6240 0.2871
-22.4733 158.7786 -54.2366 -0.2910 -0.1458 -1.1836
37.4046 -48.1298 71.9542 -0.6987 -0.9224 -2.0000
-79.6031 -184.7252 9.2443 -0.4363 -0.1218 -1.6606
-65.0305 -250.1374 25.2595 0.3040 -0.5088 -0.1677
-175.8931 -67.0076 72.2901 0.3518 -0.5430 0.6526
-198.7176 -76.8550 9.9008 -0.3423 -0.3237 1.1228
-18.4809 -30.4580 32.9618 -0.9800 0.1113 1.8008
-76.2443 54.1221 -104.7786 -1.2136 -0.4365 1.9999
-75.2443 -50.0763 -91.5344 -0.5510 0.4753 1.3374
-95.6031 66.6412 -250.1374 -0.7380 -0.2029 1.3650
37.0763 -76.7405 -170.9008 -0.3494 -0.0901 0.9189
55.2214 -14.6489 -222.2672 -0.0913 -0.5195 0.8694
-8.9237 72.1069 -250.1374 0.5095 -0.9583 0.7444
67.8015 56.3893 -240.6412 0.8452 -1.2993 0.8843
-3.2137 -6.4351 32.2443 0.4219 -0.9573 0.2483
26.9542 -58.1221 35.6260 0.4167 -0.8250 0.4204
-4.3893 -27.8626 11.6565 0.3770 -0.6528 0.7754
-64.0534 44.7099 -44.1298 0.4263 -0.9004 0.7070
-13.4275 -14.0840 1.8244 0.4011 -0.8767 0.6917
-0.9847 -18.5191 6.1450 0.4727 -0.7266 0.8174
-1.5649 5.2672 -7.4733 0.4688 -0.8022 0.6948
-9.8397 50.2137 10.1374 0.3162 -0.9695 0.7712
15.9924 41.9008 204.3282 0.0483 -2.0000 0.6045
16.5954 -29.0076 250.1298 0.2053 -1.6514 0.5056
-5.5267 -17.7023 250.1298 0.0566 -1.0493 0.4773
-12.4885 8.1298 250.1298 -0.0557 -0.3752 0.4321
15.4733 29.0153 119.8779 -0.2327 0.1775 1.0820
21.1221 16.5496 30.7710 -1.6606 -0.1304 0.7898
91.9771 -68.9008 101.3970 -1.3069 0.1104 1.0974
158.2901 44.1603 -17.6794 -0.5845 0.3979 1.2485
209.2672 112.1908 -97.1450 0.0928 -0.1042 0.9380
170.7328 193.4580 -75.2824 0.1677 -0.6802 0.4353
56.4885 248.2672 -6.4046 -0.2158 -0.4287 -1.0420
-49.1603 216.5343 26.2672 -0.5044 -0.3694 -1.8486
-7.0382 -118.0458 23.6107 -0.4004 0.0601 -1.7983
-48.7405 -168.6870 17.4733 -0.2559 0.1116 -0.8569
-153.8702 -166.6488 55.8168 0.0894 -0.4744 0.2158
-44.3588 -176.5725 176.0992 0.2988 -0.5481 0.8667
-63.8397 -37.0687 116.2137 -0.1628 0.2620 1.1936
-96.7710 52.7176 -50.7176 -1.0696 0.8574 1.5115
-119.5725 -0.7786 -77.8321 -1.1838 0.7761 1.0557
-21.8397 26.9237 -108.8321 -0.5898 0.8176 0.7512
48.4275 -42.7786 -53.1679 -0.5754 -0.2649 0.8503
-27.6641 -22.5420 -193.5267 -0.2625 -0.0745 0.5115
-9.1298 -62.1908 -207.9008 -0.3267 -0.4775 0.6387
-44.8397 -45.4809 -236.2977 -0.1184 -0.8564 1.4543
44.9618 -45.4275 -160.5420 0.2324 -1.0591 0.8945
-30.6794 27.5725 -192.7023 0.4104 -1.0266 1.0815
-104.9618 33.9924 -128.3893 0.4150 -1.0989 0.6167
35.6870 -42.2366 25.8855 0.4631 -0.7668 0.8000
-18.3359 -4.5878 -5.7405 0.5938 -0.5303 0.6292
10.6031 -2.7939 -1.1908 0.5557 -0.6304 0.6396
-0.1985 -4.4885 -1.7252 0.5740 -0.6475 0.7048
-1.8626 -3.0305 -2.2672 0.5859 -0.6279 0.6748
-9.9771 -4.9160 9.3130 0.5933 -0.6152 0.6233
-7.1374 13.4733 22.4351 0.5164 -0.8550 0.7114
-54.2519 31.4962 123.6947 0.2185 -1.6772 0.6919
54.0916 33.5573 250.1298 0.1877 -1.7913 0.7734
21.9237 48.1298 250.1298 0.0701 -1.5566 0.3328
23.1756 35.3359 250.1298 0.0925 -0.5693 0.1516
35.4275 -15.5954 189.8092 -0.5828 0.0127 0.9836
16.6260 -115.1298 152.8092 -0.9219 -0.0300 1.9999
145.5649 -10.6947 4.3282 -0.8943 0.4333 1.2593
192.6794 69.1908 -156.9924 -0.0740 0.2307 0.5928
250.1298 74.3435 -147.4198 0.1965 -0.8564 0.1924
-156.7863 250.1298 96.1069 0.1953 -0.2297 -0.0562
131.8092 96.5802 28.6565 -0.0576 0.7104 -1.7681
-13.1145 47.9924 -36.1069 -0.6418 0.2942 -2.0000
-66.8931 -240.2137 -18.8244 -0.0024 -0.0249 -1.4104
-135.4046 -236.1603 62.9237 0.3379 -0.6489 0.3584
-149.6488 -81.1145 82.1145 -0.0671 -0.4219 0.9172
-85.3435 -45.7710 71.2595 -0.3071 0.0078 1.0906
-19.4809 -64.4580 35.0840 -0.6936 0.4426 1.1392
-42.5115 -95.1985 -135.0534 -1.5015 0.4346 1.1343
-120.2366 -63.7099 -250.1374 -0.1897 -0.0073 0.6499
-64.1603 -127.1603 -250.1374 -0.0859 -0.5720 0.9207
-38.4962 -70.9618 -220.2977 -0.0437 -0.7637 1.6626
-31.3588 22.0305 -217.2748 0.3726 -0.6426 1.0071
-86.5038 24.0458 -240.3282 0.5615 -0.8984 0.7144
-92.5038 17.6336 -88.6947 0.3921 -1.3040 0.9431
7.4427 -87.9313 1.1985 0.7483 -0.5090 0.6211
21.7328 -5.3435 16.4275 0.6921 -0.4353 0.5476
4.1756 7.0382 -6.5344 0.7048 -0.6274 0.6899
0.0992 -1.8855 13.2824 0.7373 -0.5503 0.6160
10.0458 2.0687 10.1908 0.7566 -0.4126 0.6018
-103.0458 18.9618 -12.3359 0.6418 -0.8098 0.7146
-14.7328 -7.2595 108.4657 0.5605 -1.1575 0.9907
3.5725 47.9008 219.4886 0.6172 -2.0000 0.9790
22.5114 71.1221 250.1298 0.4521 -1.6350 0.3892
12.2901 85.1450 250.1298 0.2461 -0.6760 0.0222
6.8397 -50.1374 189.9160 -0.1338 0.2100 0.2444
-32.2290 96.4886 72.0916 -1.5293 -0.2935 1.9999
90.2061 -54.1069 93.0305 -1.2527 0.2380 1.0576
175.8168 -25.1374 -67.1298 -0.4473 0.1057 1.0703
165.8779 104.1298 -112.5649 0.2671 -0.4434 0.8982
199.7710 208.6794 -63.9160 0.3599 -0.3555 0.2651
-22.0000 250.1298 -19.0687 0.0408 0.3025 -1.8479
-4.5420 128.2824 26.1298 -0.2356 -1.2104 -2.0000
16.0992 -170.9924 8.4962 -0.3140 -0.1677 -2.0000
-56.1221 -208.1069 47.0229 -0.1558 -0.2253 -0.1733
-98.2061 -117.3970 68.2137 -0.0190 -0.3989 0.2544
-132.3282 -128.7710 70.8397 -0.0884 -0.3174 0.7295
-55.0305 -15.1908 67.5115 -0.6785 0.2661 0.7205
-130.1908 -37.8397 -75.3893 -1.0347 0.6724 0.8933
-81.8855 44.1908 -169.2595 -0.9597 0.8838 1.6348
-118.8626 47.7634 -250.1374 -0.5093 -0.1663 0.4458
58.5191 -89.2519 -231.5114 -0.3352 -0.0352 0.7776
58.0305 -48.5267 -232.9389 -0.2849 -1.1709 0.4968
-52.1756 -24.8015 -250.1374 -0.1067 -1.9060 1.1904
-60.4122 34.2366 -173.3588 0.2275 -0.9404 0.6287
-69.8626 -9.0382 -148.2901 0.4536 -0.9624 0.4236
-105.3359 -27.5725 -92.8779 0.6587 -0.8635 0.1863
40.2061 -46.1603 27.8473 0.6172 -0.7126 0.3604
5.9466 -6.2290 -10.2901 0.5459 -0.7026 0.5791
-19.8779 22.2977 -11.1145 0.5808 -0.8230 0.4785
41.6412 11.8244 29.8397 0.5740 -0.8481 0.6304
-27.1832 -1.9771 29.0763 0.4724 -1.0684 1.4050
-18.1603 -13.3664 130.9008 0.2949 -1.6223 0.6685
46.1221 15.8397 223.5114 0.1802 -1.3098 0.7280
46.0076 -14.8626 231.4427 -0.1184 -1.4255 0.5776
20.6183 47.0687 250.1298 -0.2385 -0.9268 0.0571
-9.7023 2.5038 196.1985 -0.1160 0.0168 0.3010
-47.1603 -21.3817 103.2595 -0.3982 0.1580 1.2195
36.9466 42.5802 109.2443 -0.9167 0.2227 1.2122
155.2443 -24.9771 22.9313 -0.7053 0.9753 1.1265
122.7328 25.0305 -105.1374 0.1194 0.3035 0.8357
220.4580 101.4886 -137.4886 0.1741 -0.6860 0.4102
45.9466 223.8550 -66.3206 -0.0718 -0.0112 0.1279
-27.6031 232.4351 -5.5802 -0.3281 -0.0164 -1.3289
-8.4962 -86.0687 3.9160 -0.5146 0.4307 -2.0000
-42.7099 -208.7023 2.1374 -0.2615 0.0496 -0.9324
-129.4122 -215.2137 50.0534 0.0195 -0.2283 0.0229
-173.3435 -109.0000 101.1450 -0.0466 -0.4036 0.6145
-117.7634 -96.9389 104.5725 0.0776 -0.2786 1.1184
-181.7328 73.3053 84.1603 -0.4487 0.6538 1.6182
-36.3664 49.2595 -45.8779 -0.9014 1.3340 0.8936
-154.3893 -15.8931 -250.1374 -0.6409 -0.2480 1.3181
-23.3588 -46.9008 -225.6031 -0.3071 -0.0916 1.0581
31.6870 -83.4809 -174.1908 -0.3079 -0.3806 0.6238
8.9084 -131.6488 -160.4046 -0.3262 -0.7534 0.9746
-30.0153 -60.7405 -164.3206 -0.0493 -0.9146 1.4961
-56.8702 -88.1985 -219.7786 0.3369 -0.9861 1.2852
-129.5496 -25.3206 -208.5114 0.5842 -1.1223 0.8853
-16.4504 -74.0229 -42.4198 0.6919 -0.7610 0.9011
8.9618 12.2824 -20.0153 0.8115 -0.5000 0.7896
4.1832 -0.2672 -8.9618 0.8384 -0.5022 0.5278
0.0840 -17.4122 -10.8168 0.8760 -0.4426 0.4832
8.0000 0.0763 -3.0916 0.8738 -0.4126 0.3687
7.4580 7.8626 6.9771 0.8728 -0.4536 0.4346
79.9542 18.8473 34.0382 0.8716 -0.7842 0.8108
91.1221 61.5878 242.2748 0.9150 -1.9297 1.9999
90.9084 187.9237 250.1298 0.6240 -1.5608 1.2053
-13.7023 167.8244 250.1298 0.0432 -1.3657 0.7119
53.5802 168.3664 250.1298 0.3477 0.0942 -0.2285
-109.8779 -90.6870 29.3969 -0.9500 0.1182 1.3303
100.8626 -54.9847 170.8244 -1.6699 -0.4272 0.6245
110.8702 -27.1145 7.4275 -0.6812 0.4922 0.9365
143.1603 -26.8626 -71.2290 0.1731 -0.0913 0.9580
169.7481 177.9542 -115.2214 0.3066 -0.4211 0.6416
108.1832 250.1298 -80.2290 -0.0959 -0.7773 -0.6213
-39.9466 167.4809 60.4809 -0.4138 0.3840 -0.6946
-68.3359 32.8168 -6.9618 -0.5762 0.7017 -2.0000
-85.2748 -147.5038 -30.3817 -0.3623 0.4182 -1.3254
-143.2824 -233.3969 -46.3817 0.0159 -0.3464 -0.4734
-67.4886 -113.4351 55.8168 -0.0684 -0.8008 0.8364
-61.0382 -93.0534 121.2061 -0.2908 -0.3811 1.1982
-105.6489 -21.8015 57.3817 -0.6089 0.0027 1.9272
-206.7557 161.9847 -56.5878 -0.8818 0.5957 1.9999
69.3359 15.0382 -229.4046 -0.5769 -0.4854 0.7402
33.1603 -18.7481 -250.1374 -0.2163 -0.8071 0.6121
36.0229 -102.5344 -226.5496 -0.2283 -1.1997 0.5583
-81.6183 -115.7634 -147.5191 0.0823 -1.3462 1.2419
-68.0687 -82.5115 -186.1374 0.7170 -1.1179 1.2622
-163.1069 4.1832 -250.1374 0.8403 -0.9700 0.4739
-71.2519 11.1145 22.0153 0.5947 -1.2285 0.8352
-4.8702 -1.1527 17.5954 0.8274 -0.4141 0.4915
6.2137 19.1374 -1.6947 0.8262 -0.5415 0.5845
25.4656 16.3893 15.6031 0.8901 -0.4336 0.4861
30.3206 22.7863 -1.0382 0.8704 -0.4465 0.5215
0.1756 7.0153 1.1145 0.8171 -0.4778 0.5271
-7.7328 4.2137 -9.1908 0.8308 -0.4468 0.3569
29.2519 12.6336 23.0611 0.7400 -0.6008 0.5593
-12.3664 33.3053 97.7252 0.6794 -1.1055 0.8435
52.7786 22.2061 250.1298 0.9009 -1.5679 0.7488
-10.5725 99.6031 250.1298 0.5955 -1.1414 0.4495
10.4275 105.1679 250.1298 0.2681 -0.5527 0.2139
-69.8626 -71.9389 132.7786 -0.5591 0.1665 -0.0012
0.1069 -20.9008 73.0305 -1.4526 -0.7590 1.9373
155.2672 -56.3435 79.3817 -0.8525 0.1099 1.2983
189.9542 0.5496 -67.6947 0.1501 0.0034 1.0046
147.0611 130.7710 -120.1298 0.4045 -0.7512 0.5515
77.0763 250.1298 -25.2366 0.2949 0.0203 -0.4561
72.9771 150.9542 -31.8473 -0.4590 -0.3064 -1.7451
-116.3740 17.0229 8.3282 -0.8943 0.1655 -2.0000
-84.1450 -214.2290 -10.0382 -0.3171 -0.2400 -1.3484
-138.3053 -225.6031 64.8244 0.4470 -0.4707 -0.1094
-132.5267 -96.0305 69.4428 0.2212 -0.5300 0.8215
-90.6031 -108.6412 110.5496 -0.5715 -0.7385 1.5576
-47.7710 197.3511 53.4885 -0.4795 1.6858 1.0940
-87.6107 75.1221 -134.4580 -0.7017 0.8174 0.7598
-91.1298 -39.0611 -250.1374 -0.4407 -0.0264 1.3796
-43.6947 -68.9695 -250.1374 -0.1255 -0.4702 1.3455
2.7863 -114.5878 -243.4122 -0.2295 -1.5234 1.3352
2.1985 -130.0687 -124.6489 0.0747 -1.2991 1.5374
-55.4351 -102.8015 -225.4504 0.7209 -1.1362 1.2854
-141.8702 94.7481 -202.6336 0.5828 -1.3018 0.7734
28.6260 -20.4809 37.3969 0.5894 -0.6101 0.7449
-7.3053 0.7710 -12.2824 0.6160 -0.5198 0.7920
14.5038 -13.0763 -1.4046 0.6599 -0.5593 0.7131
-9.9618 5.1908 9.7786 0.7036 -0.5261 0.6206
24.1374 -1.9389 21.4427 0.6863 -0.5747 0.7717
103.7328 73.9237 49.0305 0.6289 -1.1550 1.5117
13.6031 148.5802 244.7481 0.6072 -1.4612 1.2029
-6.7099 141.2595 250.1298 0.1492 -0.9956 0.2383
-63.7405 39.6412 236.4656 -0.0347 -0.6313 0.0190
8.6412 -103.0076 178.1145 -0.9321 0.3115 1.9973
16.1374 -31.2290 126.2977 -1.2280 -0.6240 1.2041
47.0076 -41.5802 55.0916 -0.3408 0.3232 1.4861
119.4733 -15.8550 -64.6412 0.4189 -0.5217 1.7705
118.1832 250.1298 -33.0916 0.3042 -0.4626 0.5701
87.2977 250.1298 -35.2214 0.3962 -0.1765 -0.1042
-62.2061 194.2290 8.8168 -0.7834 -0.3047 -2.0000
-82.1603 22.1221 -0.2672 -0.6836 0.4392 -2.0000
-87.2443 -167.8168 -13.0840 -0.2520 0.3530 -1.3950
-107.9008 -250.1374 19.5954 0.4319 -0.8062 0.4209
-93.6565 -89.4351 98.1603 -0.0173 -0.6331 0.8340
-169.0153 -113.9389 75.7939 0.0208 -0.4299 0.8010
-123.0992 -19.1145 -0.6107 -0.9255 0.3027 1.9999
-22.5114 147.0153 -194.7405 -0.4526 0.3650 1.7004
-86.2214 -84.2824 -250.1374 0.1165 -0.4890 0.5847
-46.0763 -65.2901 -250.1374 0.4270 -0.8403 1.6282
-152.5496 101.5115 -250.1374 0.2437 -1.5664 0.5181
70.9160 -65.9084 -250.1374 1.1392 -1.1863 0.6790
-9.8397 -34.5344 -120.9924 0.7380 -1.6660 0.5066
34.5267 -35.8473 134.1145 1.0249 -0.2703 0.6128
18.1908 -19.0076 20.1298 0.9214 -0.1196 0.1655
5.3740 0.5802 -1.4656 0.8652 -0.5596 0.3843
10.4122 -4.6718 11.3053 0.8088 -0.5386 0.5112
-1.9695 -6.5191 5.6947 0.8159 -0.4897 0.5159
-38.1145 -11.3817 65.3817 0.7576 -0.9924 0.5154
-44.8015 -17.5344 233.0458 0.7563 -1.8289 0.5115
74.4886 -15.0840 250.1298 0.4888 -1.7805 0.2847
88.7252 61.2595 250.1298 0.2410 -1.3875 0.4932
44.9160 50.2061 250.1298 0.1084 -0.4058 0.1348
-77.9313 -71.7481 61.5496 -0.8413 0.5996 1.6382
153.5114 -110.0611 56.7634 -1.2620 -0.2976 1.0359
164.5038 -74.4580 -27.7099 -0.2200 0.1743 1.0981
127.4962 174.7863 -95.1832 0.3630 -0.8069 0.4678
144.3588 247.0611 -4.8168 0.4229 -0.2942 -0.3369
114.3588 180.2595 23.4046 0.1396 0.3489 -0.8501
26.3817 57.6336 -9.1832 -0.0649 1.9999 -2.0000
-38.5420 -172.1069 -85.4122 -0.4143 0.2517 -2.0000
-22.7328 -250.1374 -30.3664 0.3811 -0.7925 -0.5085
-83.1527 -154.6031 105.6260 0.3538 -0.4561 0.7000
-95.1908 -116.3053 71.6565 0.2390 -0.1208 0.8606
-28.9847 -144.4962 51.5038 -0.0703 -0.0857 1.7578
-140.1374 83.1450 -128.8397 -0.0828 1.3147 1.4990
-114.6031 -28.6947 -250.1374 -0.2368 -1.3330 0.9565
-52.0153 -106.4122 -244.1298 -0.4253 -1.4944 1.0798
-40.5420 -57.6183 -154.1221 -0.1292 -1.2666 0.9036
-33.8779 -18.5191 -206.3435 0.5942 -1.0168 1.1045
-63.7710 62.8931 -208.3511 0.3132 -1.6492 0.8528
-5.2901 -9.8015 43.6870 0.4941 -0.7756 0.6650
11.9160 -0.3664 -6.9542 0.6062 -0.5933 0.5750
0.8092 -3.5649 3.8779 0.5859 -0.7546 0.5254
5.5267 -10.5649 1.6870 0.6221 -0.6619 0.5762
-4.8855 -31.1221 -3.3664 0.5583 -0.7695 0.6265
-58.6336 -9.5496 80.4198 0.3225 -1.5256 0.8757
6.8397 42.5802 222.0076 0.3167 -1.8743 0.8799
106.3511 19.3588 239.3511 0.2383 -1.1477 0.4194
55.9237 9.4122 250.1298 -0.1680 -1.2791 -0.0537
51.0382 -89.8092 250.1298 -0.0950 -0.3213 0.3162
19.2443 -11.4733 84.0076 -0.4756 0.1172 1.9999
87.0000 -44.4275 52.9466 -0.5657 -0.0171 1.3679
71.9008 75.9924 -94.2366 0.1758 0.1235 1.1316
157.0611 212.9008 -82.1603 0.4185 -0.3386 0.8459
141.8779 250.1298 -65.9695 0.2986 -0.6733 -0.0347
23.5496 79.6870 55.3206 -0.2341 0.2214 -0.9333
47.8321 -38.5420 -19.0763 -0.7810 0.5076 -2.0000
-56.3435 -175.0458 6.1756 -0.5916 -0.1116 -1.3345
-7.3206 -250.1374 49.3588 0.0203 -0.5100 -0.4438
-57.7481 -157.0840 145.6794 0.3765 -0.3892 0.8804
-163.1679 -5.3053 177.9542 0.4353 0.7080 1.4866
-36.4427 76.6183 30.8702 -0.3845 0.8035 1.4875
-30.6031 -0.4046 -56.3053 -0.4341 0.8743 0.3523
-171.6336 -78.7099 -194.8626 -0.1763 -0.0244 1.3486
-22.8092 -101.7481 -250.1374 -0.0303 -0.4548 1.1538
-21.0840 -137.6336 -250.1374 -0.0896 -1.3718 0.7559
-135.1679 -50.6565 -250.1374 0.2922 -0.7581 0.5388
-54.1603 -54.9771 -200.4656 0.7422 -1.4534 1.2798
-177.4809 139.3511 -5.2901 0.4561 -1.1528 0.4077
47.3282 -38.8779 31.3359 0.4963 -0.3516 0.6228
17.7405 9.8931 -25.4580 0.4954 -0.7803 0.5566
5.1908 9.7481 7.4198 0.4805 -0.8962 0.6025
17.4275 -13.9237 28.4733 0.5271 -0.6987 0.6477
31.3053 -18.3588 12.2672 0.4946 -0.6528 0.7356
1.9237 9.3435 5.3664 0.3792 -0.8821 0.7749
-85.9313 97.1221 130.3511 0.1807 -1.9543 1.6929
55.7939 92.5420 250.1298 0.4670 -1.7488 0.7122
29.5649 65.5496 250.1298 0.3892 -1.0137 -0.4294
37.7863 -51.9466 173.6794 0.2681 0.1680 -0.4824
-18.2595 -102.6107 130.0916 -1.3318 -0.1477 1.9999
78.5878 36.4656 109.3970 -1.1599 0.0664 1.3215
84.5115 18.6336 -144.8168 -0.0740 -0.1699 1.9722
138.1985 196.1908 -53.7634 0.4099 -0.5583 0.7917
147.7023 205.1450 -4.8855 0.2419 -0.4070 0.5330
127.5420 144.9160 30.2748 -0.0088 0.0793 -1.0774
-105.7405 132.5954 22.2290 -0.5076 1.4692 -2.0000
-52.3588 -135.1832 -21.7939 -0.5525 0.4861 -2.0000
-50.8779 -239.2061 -9.3359 0.0073 0.0503 -0.6721
-130.5496 -161.3435 78.0840 0.1960 -0.1777 0.4114
-88.6641 -111.8473 81.3130 0.0938 -0.4177 0.6255
-125.4198 -89.2290 79.8855 0.0513 -0.5063 0.8474
-76.8168 -14.4962 -9.0382 -0.9937 0.1062 1.9999
-122.1832 55.3053 -250.1374 -0.6543 -0.3999 1.0376
-89.8092 -15.6718 -250.1374 -0.2749 -0.6736 0.5010
47.6641 -113.2061 -231.6183 0.0339 -0.6125 0.5332
-17.0763 -66.0992 -230.8092 0.7529 -0.8564 1.1934
-216.8092 -15.3206 -250.1374 1.4851 -1.8401 0.5073
92.4809 -59.3130 81.1069 0.9331 -0.6926 0.5903
-2.9618 -8.8779 29.5267 0.8188 -0.2534 0.3896
-21.7481 17.6489 -28.7557 0.7881 -0.4817 0.4436
-3.4504 -1.9237 3.1832 0.8232 -0.6016 0.5583
16.7863 -21.5573 28.9924 0.8459 -0.4307 0.5493
21.7939 -2.4275 11.7481 0.8110 -0.4609 0.5515
7.5802 4.0458 6.0153 0.8142 -0.4897 0.5400
7.3053 4.5878 7.6336 0.8091 -0.5007 0.5425
-69.4428 37.0305 124.6870 0.6743 -1.2817 0.9695
57.5725 90.4657 250.1298 0.9900 -1.4141 0.3977
-2.2061 -1.5802 250.1298 0.2747 -1.1755 0.3232
12.6565 3.6336 250.1298 0.1174 -0.4224 0.3672
-6.4885 160.3359 72.8092 -0.5146 -0.3442 1.9999
33.5878 -27.9389 180.2977 -1.6292 -1.4111 0.5542
168.6870 -102.3664 198.2901 -0.7070 -0.1274 0.6753
156.9389 -49.9160 -76.4351 -0.0610 0.4604 1.1387
56.3893 127.3664 -67.8931 0.4136 -0.0291 1.0964
192.1527 201.7405 -85.8779 0.4644 -0.1650 -0.0027
111.5496 180.2901 -134.7099 0.0396 -0.4319 -0.5178
-69.0382 90.5954 45.4733 -0.8098 -0.1516 -1.6404
-17.2443 -163.5496 -23.6947 -0.4678 0.2334 -2.0000
-59.1756 -228.5725 15.7786 0.0764 0.0537 -0.8816
-149.1450 -190.7786 83.0153 0.3040 -0.1580 0.7688
-122.5420 -45.3664 51.0305 -0.0076 -0.4827 0.5625
-84.4504 -102.5878 68.1298 -0.1953 -0.3276 1.5693
-47.0916 63.2366 71.3435 -0.4907 1.3093 0.9417
-173.4580 23.7176 -250.1374 0.2888 -0.3423 0.8586
-20.6031 -67.2214 -250.1374 -0.3789 -1.5288 1.3020
-1.5420 -130.0687 -227.4504 -0.1938 -1.2202 1.2368
-89.4657 -53.8855 -250.1374 0.6826 -0.8174 1.2195
-85.5191 56.0076 -156.7557 0.3042 -1.8037 1.2085
-29.7634 15.1908 33.3664 0.6792 -0.3059 0.6968
-3.4504 -17.4733 -24.0992 0.7620 -0.5125 0.5679
7.8397 -12.6489 -0.2748 0.7246 -0.5869 0.5007
12.0153 -9.2519 8.2977 0.7087 -0.4663 0.6201
-0.3588 6.0687 -3.0305 0.6985 -0.5947 0.6289
-1.3817 11.1832 2.9389 0.6553 -0.6516 0.5779
-26.8321 -13.0229 59.0458 0.5278 -0.9841 0.6865
12.0382 34.8550 215.3511 0.4883 -2.0000 0.9189
66.2290 88.5954 250.1298 0.6587 -1.7415 0.5757
23.9160 57.6107 250.1298 0.3235 -1.2588 0.1367
32.1298 89.3130 250.1298 0.4246 -0.1172 0.0986
-57.0458 -18.4809 115.8626 -0.4536 0.7454 0.8403
-54.9695 114.0229 -26.7328 -1.5696 0.6206 1.4724
61.4580 -74.4809 50.3969 -1.7153 0.5127 0.3545
117.3664 -144.4427 5.1450 -0.8901 0.1272 0.6670
16.9237 127.6565 -116.5802 0.1995 -0.7617 0.8779
206.7786 175.9847 -58.3588 0.1938 -0.4426 0.4602
200.5267 131.7252 23.7405 -0.0205 0.2290 -0.5825
31.0076 131.2214 -8.0611 -0.3875 0.0710 -0.8340
26.4962 48.5344 3.6412 -0.9050 0.6360 -2.0000
-96.7023 -114.6260 28.3817 -0.6348 0.0730 -1.4980
-64.2595 -199.5114 -16.3664 -0.1853 -0.2732 -0.4795
-109.7252 -197.9924 50.6947 0.0132 -0.5532 0.6702
-95.3740 -71.6870 141.7786 -0.0300 -0.8518 0.6313
-202.9924 23.5725 80.3130 -0.4180 -0.0649 1.2324
1.1069 86.6489 14.9084 -0.8508 0.9795 0.1436
-65.8168 -47.4046 -99.9924 -1.2451 0.1021 1.0466
-57.8015 -71.7328 -75.4733 -0.6106 0.9453 1.4963
90.8397 12.6947 -163.7099 -0.3108 0.2620 0.0242
39.1145 -91.2824 -184.0534 -0.2620 -0.2642 0.1799
-40.5649 -121.8244 -171.5725 -0.5593 -1.3767 1.6106
-28.1145 -55.4656 -158.3588 0.0520 -0.5149 0.8572
-59.5038 -32.7405 -250.1374 0.8513 -0.6543 0.8481
-118.4733 97.8473 -215.4504 0.4702 -1.7808 0.5925
39.7939 -52.0153 124.6412 0.6055 -0.7722 0.8936
30.3282 -23.9084 32.7863 0.5996 -0.3857 0.6953
-19.0305 30.0534 -45.0153 0.6050 -0.6853 0.6614
1.3359 5.8168 9.7481 0.6177 -0.7712 0.6948
20.3282 -15.7252 39.4580 0.4712 -0.8015 0.7783
33.8015 35.1832 141.3969 0.1685 -1.8723 1.3437
-19.4122 86.6565 250.1298 0.3684 -1.9229 0.6357
-8.5420 22.3359 250.1298 0.2837 -1.0579 0.0823
-67.9847 -83.5420 250.1298 0.1006 -0.2671 0.5105
98.7710 164.8244 81.9008 -1.3154 0.3108 -0.1045
1.2366 -74.0229 90.3893 -1.1714 -0.1782 0.5005
112.6183 -53.4275 29.6412 -1.1555 0.2078 0.8259
189.5114 -74.9618 -19.0534 -0.5525 0.1731 0.9861
120.6794 128.5267 -99.3664 0.0447 -0.3708 0.9133
122.2061 193.2824 -63.0458 0.0286 -0.2742 0.3579
87.7405 217.6641 -63.7481 -0.1328 -0.3884 -0.1917
122.8855 39.7328 -2.5649 -0.3682 0.3064 -0.6855
-34.2901 68.1832 -18.0153 -0.8835 0.1982 -2.0000
-67.9084 -132.2214 33.8550 -0.6860 -0.3049 -1.9089
-57.5954 -235.5725 45.7710 0.0730 -0.3943 -0.3181
-142.8473 -117.2214 132.4580 0.2886 -0.3530 0.6189
-184.0611 -17.5954 128.4733 0.0266 -0.1082 0.7517
-122.4886 -12.7557 60.0382 -0.5076 0.2017 0.9417
-6.0305 -22.1679 -10.7557 -0.6704 1.4277 1.4370
-34.7710 -8.4733 -121.9237 -1.1658 0.0938 1.5066
-17.4580 -76.7786 -250.1374 -0.2422 -0.0679 0.6370
5.6260 -128.4580 -250.1374 -0.1533 -0.6025 0.7686
22.4351 -207.3206 -250.1374 -0.0828 -0.8486 1.0662
-43.3588 -89.5420 -189.1221 0.2595 -0.5496 1.3337
-35.1450 -60.3740 -250.1374 0.5532 -0.7202 1.3435
-130.7405 -30.1603 -131.4046 0.4946 -0.8396 0.9414
-33.5115 -26.6412 -12.6870 0.6707 -0.4072 0.8550
-36.0687 11.6794 -8.1145 0.7219 -0.3542 0.7466
-16.5725 10.6718 6.4198 0.7373 -0.4172 0.7861
12.9466 3.2672 14.6489 0.7236 -0.3462 0.8274
-17.3511 17.6336 0.3817 0.6790 -0.5200 0.8774
-61.6412 55.5649 81.0153 0.6240 -0.8457 1.4077
-44.6107 128.3740 174.2366 0.5864 -1.2273 1.1731
29.4962 45.1374 250.1298 0.3909 -1.5159 0.6667
18.4275 -13.1069 250.1298 0.0779 -1.1172 0.3030
-21.2061 -52.4885 250.1298 -0.0442 -0.5200 0.4763
-7.8550 55.2824 219.3053 -0.2202 0.0005 0.7764
24.3130 4.9542 148.1756 -0.8210 0.0933 1.6147
101.9389 37.9237 59.0992 -1.0190 -0.2773 1.9999
209.0992 -31.8397 -15.1374 -0.7710 0.5457 0.9355
142.6031 41.2748 -151.0534 0.3914 -0.2795 0.9648
177.4046 136.4504 -102.0076 0.0989 -0.5371 0.1614
-7.7099 250.1298 -23.4733 -0.0103 0.2732 -0.7175
56.3511 109.4886 -31.5267 -0.4016 0.1465 -1.9771
-26.2061 13.6412 -2.1298 -0.8521 -0.3943 -2.0000
3.8473 -206.6870 50.9924 -0.5215 -0.4656 -1.8279
-108.7481 -227.7328 72.7405 0.1528 -0.6890 0.0508
-250.1374 -22.0153 121.6031 0.1528 -0.5828 0.8738
-117.1832 -89.5038 135.7557 -0.2249 -0.0366 0.8650
-77.3206 44.9542 45.4046 -0.6995 0.4746 1.1606
-93.2214 4.2519 -70.6336 -0.9780 0.9666 0.4614
-122.4504 19.8779 -240.0687 -1.2090 -0.0862 1.3809
21.9924 -98.9084 -116.3359 -0.5930 0.0356 0.5835
-30.2519 -25.3588 -243.9084 -0.0803 -0.2966 0.8342
4.3282 -104.6412 -250.1374 0.1465 -0.9297 0.7910
-53.8397 -67.7023 -250.1374 0.6042 -0.4998 0.5554
-48.4122 -148.8473 -250.1374 1.6467 -0.5898 0.4268
80.3435 -58.3053 -135.2443 0.6245 -1.5076 1.1362
-8.4733 20.5496 65.4198 1.0056 -0.0461 0.5356
-20.6870 10.9160 -21.3969 0.8237 -0.2839 0.5398
-12.9084 1.8779 -0.4656 1.0991 -0.3530 0.6309
8.3206 1.6489 47.2366 0.9539 -0.3340 1.0103
37.1145 9.3053 152.9542 1.2305 -0.8491 0.9397
116.8931 174.5649 250.1298 1.1787 -1.0959 0.5981
45.9237 47.0611 250.1298 0.5176 -0.8992 0.2151
-2.2748 87.0611 250.1298 -0.0532 -1.0369 0.7915
-23.7405 117.3511 250.1298 -0.1826 -0.0789 0.5425
-146.2061 176.3588 161.0229 -0.6240 0.3809 1.9999
95.0000 -153.2137 102.7252 -1.4082 0.0422 1.2322
171.5267 -92.8397 -21.6260 -0.7788 0.4109 1.2202
158.7252 -5.1679 -81.0916 0.1331 -0.1003 1.6128
137.2519 165.9313 -41.1374 0.3435 -0.1467 0.7402
-132.5496 250.1298 -9.5420 0.2827 -0.3745 -1.0752
28.5573 85.9084 0.4046 -0.5576 0.0986 -1.5291
-42.2137 -106.0840 -45.1145 -0.5007 0.0471 -2.0000
-16.1908 -211.2824 -4.5954 -0.2578 -0.3523 -1.0042
-141.5496 -156.7252 55.3511 0.1482 -0.3772 0.7087
-168.4122 -30.1603 26.1908 -0.1809 -0.6377 0.8110
-141.7557 -44.0992 114.8321 -0.0125 0.1792 0.7366
-141.7481 107.2901 -31.7252 -0.8416 0.3608 1.3164
16.7710 34.1985 -149.4427 -0.6052 0.7573 0.8086
97.4275 -97.6718 -189.8321 -0.6814 -0.0610 0.4363
19.1527 -132.7939 -250.1374 0.0105 -0.9434 0.9448
-27.5344 -174.7023 -223.1985 -0.0342 -1.0303 1.3442
-135.7099 -81.3588 -250.1374 0.9417 -0.7336 0.9958
-142.2824 -38.8092 -250.1374 0.9260 -2.0000 1.2708
-26.4198 -31.1756 129.8397 0.6582 -0.4055 1.0581
-35.3893 11.0458 -27.5725 0.7566 -0.2646 0.5920
-4.1069 18.2137 -34.7099 0.7524 -0.7488 0.5107
30.0763 -10.7023 38.7634 0.7639 -0.6250 0.6545
4.1756 -1.1985 50.5496 0.7056 -0.5576 0.7017
35.2519 1.4122 87.2977 0.5496 -1.0269 0.9707
73.5420 61.6336 250.1298 0.6377 -1.8027 1.1953
-10.8168 103.5191 250.1298 0.3281 -1.3794 0.6184
-23.2824 66.5649 250.1298 -0.1511 -0.7104 0.0679
-31.9924 -124.5344 210.7023 -0.6626 -0.5632 1.2744
14.8779 7.7252 151.5878 -1.1467 -0.8750 1.2000
140.1832 -43.6565 127.2366 -0.6636 -0.1013 0.8306
141.7786 -69.5954 4.2901 -0.2856 0.2700 1.4897
94.9008 142.3740 -126.6336 -0.0349 -0.3733 1.5073
84.6947 236.0840 -52.1908 0.1436 -0.2637 0.5747
183.9389 167.0458 -55.0229 -0.2837 -0.8381 -1.2393
-60.4198 107.2901 -30.1832 -0.6165 0.1934 -0.9976
-22.0000 -91.9389 -6.1908 -0.8782 -0.1235 -2.0000
-64.9084 -193.6107 42.5115 -0.3291 -0.0095 -0.7964
-117.4657 -194.9847 34.3969 0.1174 -0.3254 0.0850
-172.6717 -117.6489 73.6412 0.1750 -0.3569 0.9878
-115.4886 -64.8397 77.7023 -0.2043 -0.2952 1.1968
-166.7252 66.7023 -26.2519 -0.9417 -0.0652 1.9999
-49.4351 45.7481 -78.9695 -0.9158 0.2805 0.6460
-43.0382 -38.2824 -250.1374 -0.2351 0.4421 0.3940
90.2214 -84.6336 -250.1374 -0.0669 -0.9211 0.8198
89.2290 -90.6412 -228.5572 0.1875 -1.0090 0.6880
-19.4580 -67.5725 -250.1374 1.0544 -1.0042 1.7124
-250.1374 -45.9008 -250.1374 0.8984 -1.6104 0.6887
141.8092 34.3130 161.3588 0.7415 -0.2153 0.6096
-0.7939 -15.3893 -48.4275 0.7065 -0.2119 0.7839
-10.3588 2.8779 -20.5344 0.7900 -0.4026 0.9016
-4.8092 -2.6947 36.8931 0.7544 -0.3259 0.8511
53.4351 14.7710 79.0382 0.7126 -0.2993 1.0354
-151.7939 66.7634 159.7939 0.8152 -1.5906 1.7244
-34.3893 85.6641 250.1298 0.8108 -1.4399 1.1440
-44.5802 96.9008 250.1298 0.2573 -0.7424 0.2795
-69.5802 55.3740 154.5114 0.0688 0.1230 0.0981
-103.6718 98.6260 44.8855 -0.8982 -0.7092 1.9999
117.3893 -95.9924 117.7023 -1.2451 -0.4241 1.2883
153.3817 6.5038 -20.1145 -0.6809 -0.0625 1.2158
90.0992 95.1756 -114.5954 0.7334 -0.1294 1.9999
174.2672 250.1298 -43.0229 0.5273 -0.7610 0.2195
-130.7481 250.1298 75.5573 -0.3513 -0.7605 -1.6167
-4.7939 83.4198 12.4580 -0.5439 -0.1729 -1.0298
-36.1069 -28.2366 4.5115 -0.2908 1.2297 -2.0000
-27.9084 -219.0611 -8.7939 0.0039 -0.0503 -0.9758
-128.3817 -178.9008 99.9695 0.0430 -0.3135 0.3650
-193.2977 -110.4275 60.4198 0.1516 -0.2937 0.4253
-84.4046 -225.2748 31.2214 0.2922 -0.4922 1.2224
-110.9695 50.3664 -88.5191 -0.1233 0.6250 1.1787
-196.3740 -38.9313 -250.1374 -0.4080 -1.0432 1.0571
-8.5725 -50.8168 -184.0305 -0.8870 -0.6824 1.5459
-25.3282 -65.9313 -141.8550 -0.4702 -0.5095 0.7275
-32.3740 -119.9542 -137.1145 -0.0723 -0.7197 0.5320
-49.5802 -57.3969 -198.2214 0.3979 -0.8347 1.4465
-67.7634 44.9084 -170.5038 0.2148 -1.5249 1.4473
-27.3969 44.1832 43.1298 0.3430 -1.0642 1.0281
12.2672 0.4580 20.0153 0.4456 -0.5374 0.8679
-10.2977 13.5267 -28.8015 0.3760 -0.7925 0.8523
-10.9924 0.7939 -13.2748 0.4270 -0.7681 0.9058
-9.9389 9.3282 -2.4427 0.4346 -0.6108 0.7673
-3.0840 -5.9160 -10.8244 0.3706 -0.6904 0.8843
8.6107 -1.5191 15.9924 0.4185 -0.7822 1.0217
-46.7863 44.1832 125.7252 0.1899 -1.3997 1.0745
-142.2672 75.5344 227.9924 -0.8811 -2.0000 1.3936
144.7328 50.9618 250.1298 0.8779 -1.1750 0.6968
76.1603 -44.7023 239.2672 0.6387 0.0754 -0.2463
-39.7863 77.2595 110.4733 -0.9116 -0.1392 1.3979
44.8092 35.8550 112.7939 -1.8455 -0.2344 1.4724
160.8397 42.2595 32.2595 -0.9075 0.2859 0.7751
250.1298 100.4886 -60.9542 0.0723 -0.3567 1.3640
113.0916 53.4504 -70.4428 0.3201 -0.6616 0.7507
-0.1374 26.3053 30.8702 -0.4426 0.7734 -0.8730
-55.7328 -6.7252 32.5191 -0.4934 0.6279 -1.5366
6.1679 -88.8550 -13.9313 -0.5190 0.2395 -1.2988
-28.6183 -243.4656 33.5420 0.0378 -0.2009 -0.4067
-98.7557 -216.6717 33.9313 0.1292 -0.3875 0.4370
-84.0611 -105.7176 54.4046 -0.3054 -0.0427 1.2312
-173.0763 42.7939 -20.9695 -0.4211 0.8013 1.1692
-44.1985 116.4122 -166.7557 -1.6047 -0.8540 1.9999
-12.6947 37.3206 -27.8092 -0.8462 -0.8440 1.1428
-34.4275 62.2443 -33.4351 -0.5046 -0.5132 0.7651
67.1985 39.8702 -7.1298 -0.6746 -0.3047 0.5022
41.8397 -19.0076 -69.4428 -0.7324 -0.2556 0.2869
3.7023 -109.0305 -138.6107 -0.0833 -0.0676 0.4546
15.8779 -135.4198 -246.0840 -0.0273 -0.7864 0.9751
58.2977 -75.5115 -250.1374 0.4624 -1.5793 1.3813
-90.6031 97.9924 -107.7939 -0.0754 -2.0000 1.5396
3.7328 37.3206 2.1069 0.4351 -0.4868 0.8215
9.3282 25.3359 -14.2290 0.4373 -0.7495 0.9766
-6.9771 12.0229 -5.9313 0.5120 -0.7776 0.8911
-3.9084 -11.8473 36.9847 0.4617 -0.6528 0.8577
-29.7176 -22.1756 88.6565 0.1577 -1.3555 1.1462
32.3053 8.1221 250.1298 0.3416 -1.6882 1.1052
6.3740 50.7557 250.1298 0.1538 -1.1938 0.8748
-3.2061 64.8168 250.1298 0.0566 -0.5667 0.2793
-88.4962 -45.7481 145.4886 -0.4722 0.0554 0.3071
41.9084 75.4733 128.4504 -1.8137 -0.5452 1.2075
159.2443 -152.4962 68.6260 -0.9661 -0.2844 1.9999
150.1374 91.3664 -50.4656 -0.2966 -0.1462 1.1653
250.1298 168.4580 -90.2137 0.6909 0.0569 1.0776
250.1298 141.7252 -76.5344 0.1145 -0.7170 0.4390
-19.5114 175.2366 -155.0611 -0.4414 -0.2603 -1.0454
78.2748 49.2748 22.8321 -0.9216 0.0083 -2.0000
-68.5878 -48.0916 118.3435 -0.5806 0.0718 -2.0000
-153.5649 -211.5191 142.8779 0.3108 -0.1731 0.1384
-204.6488 21.1679 111.6336 0.3093 -0.4854 0.7834
-198.9084 18.2519 69.7023 -0.1387 -0.1003 0.9736
-112.9924 -32.7939 30.1908 -1.1702 0.6782 1.9999
25.1679 51.7786 -62.7939 -0.9285 0.4661 1.9999
-3.0687 -30.2443 -136.3435 -0.4897 0.1289 -0.0403
29.3817 -49.9924 -190.6870 -0.3198 0.0320 0.5913
0.0382 -49.3282 -250.1374 -0.2368 -0.8069 0.9832
-2.2595 -8.8092 -232.2290 0.0867 -0.7375 1.1216
-50.2137 -0.6947 -250.1374 1.1658 -0.8569 1.0576
-157.3130 143.7481 -70.8321 0.2737 -1.5771 1.0122
29.6489 10.2595 24.4809 0.4167 -0.4683 0.6348
4.9847 20.0534 -5.9542 0.4272 -0.6465 0.7622
-14.9771 -5.0229 -1.9847 0.4087 -0.9197 0.8264
-23.8015 -0.7405 140.2061 0.4072 -1.4133 0.8469
2.3282 -54.0229 235.2443 0.1350 -1.5923 1.1824
66.6183 43.8702 250.1298 0.3123 -1.3621 0.9036
82.5420 69.9008 250.1298 0.2053 -0.5032 0.0381
-52.7481 55.5344 127.2214 0.0383 0.1079 -0.1475
-66.6718 -122.2824 -4.6641 -1.4243 0.2349 1.8237
109.8550 -78.3511 91.9466 -1.5261 -0.7219 1.9999
199.1145 -29.4198 34.1298 -0.2979 0.1399 1.3064
188.1603 106.1679 -144.5649 0.5618 0.1233 1.0930
158.1908 179.8779 -172.3511 0.4270 -0.7837 0.6626
67.3359 250.1298 -74.0611 0.0273 0.0181 -1.7546
196.9313 -83.1221 34.7863 -0.6621 0.4019 -2.0000
-67.6107 -112.9771 -0.3588 -0.6658 -0.2576 -1.7080
8.6794 -246.7405 110.7710 0.0847 -0.4851 -0.7144
-250.1374 -17.0687 188.6412 0.6982 -0.1560 0.7839
-195.2519 10.4504 52.6565 -0.0745 -0.0552 1.3008
-151.3588 78.7634 78.2595 -1.0017 1.7073 0.6965
-181.7176 107.7099 -230.7328 -0.8877 1.0186 0.5452
-42.5649 -36.9313 -230.7405 0.1221 1.0078 0.3547
4.0229 -62.3053 -250.1374 -0.1350 -0.7292 0.7449
67.3283 -10.7023 -194.4886 -0.2939 -1.1477 1.3667
4.3588 -134.6641 -158.9466 0.2910 -0.9863 0.9358
-81.7099 -61.4580 -250.1374 0.7627 -2.0000 1.9999
-65.2214 14.8931 -2.9771 0.5776 -0.7515 0.8718
13.8473 -9.5725 23.2595 0.6375 -0.5535 0.7556
16.4580 -2.6947 -0.6870 0.6309 -0.6448 0.7502
-15.4122 -1.9771 -8.5344 0.6462 -0.5916 0.7290
-20.9695 -4.8473 -11.3511 0.7009 -0.7197 0.8618
11.8855 25.0687 238.6641 0.6533 -2.0000 1.6025
55.0687 87.7405 250.1298 0.6775 -1.4717 0.5247
33.3969 128.0840 250.1298 0.4563 -0.6538 0.0957
-34.2977 8.5878 176.4809 -0.1521 0.4089 -0.3823
23.9389 -42.9771 114.2214 -1.3640 -0.7297 1.9999
120.2214 -34.6794 108.2977 -1.1428 -0.1655 1.2334
178.3053 6.2672 -37.0687 -0.4446 0.1792 1.1665
196.7633 134.7939 -110.4351 0.3689 -0.6780 1.5242
172.3817 250.1298 -46.3435 0.5569 -0.2786 0.2917
-16.8779 250.1298 61.7023 0.0999 0.1863 -0.8650
52.3893 3.9695 18.4885 -0.2986 0.5366 -2.0000
13.4427 -140.2290 -54.7099 -0.3359 0.2354 -1.7798
-43.5420 -250.1374 -0.9695 0.1384 -0.1331 -0.6045
-126.1450 -173.4656 96.1298 0.2585 -0.6938 0.9504
-144.4580 -115.7328 83.3511 0.0664 -0.2571 0.7700
-94.2519 -61.8626 4.6565 -0.7424 -0.1597 1.8953
54.2977 -14.1145 -109.4657 -1.2222 0.2839 1.9999
29.2366 40.7557 -174.0687 -0.5264 0.0098 0.6323
-17.0916 -15.2519 -250.1374 -0.1697 -0.3767 0.3357
50.5038 -70.0382 -218.1679 -0.2231 -0.9993 1.0181
-10.5725 67.5878 -104.8244 -0.1199 -0.9221 1.4097
12.6565 -18.7023 -250.1374 0.6316 -1.3242 0.7700
101.4809 0.9389 8.7939 0.0916 -1.7751 1.3145
-27.8244 22.4046 54.5573 0.5396 -0.4971 0.7778
16.9084 -13.0534 -25.1603 0.5046 -0.4485 0.7046
30.4046 1.2977 -14.5115 0.5098 -0.8010 0.7781
-1.8397 1.7786 35.4122 0.4500 -0.8318 0.8923
-132.8702 105.2366 42.7710 0.4585 -0.9973 1.3755
33.7328 14.7023 250.1298 0.3081 -2.0000 0.8350
57.3130 -9.4122 250.1298 0.3896 -1.6641 0.8899
21.1221 62.9618 250.1298 0.3591 -0.5159 -0.2104
-129.7481 44.1069 149.8321 -0.0125 0.2026 -0.1331
-92.3206 -210.9695 88.3053 -1.1531 -0.8467 1.9999
101.3359 20.5802 81.4046 -1.2178 -0.2007 1.3091
224.1374 28.5802 -21.3282 -0.4063 0.0386 1.1926
210.1298 177.8321 -61.0687 0.3352 -0.6443 0.6194
170.8397 202.5267 -6.6870 0.0332 -0.1702 -0.2583
40.8092 203.9237 40.8702 -0.2810 -0.3091 -1.2637
-13.0153 79.5878 64.2672 -0.4424 0.3560 -1.7788
-46.4580 -32.6489 -57.9542 -0.7112 0.0417 -2.0000
-38.4962 -231.7863 -47.0840 -0.0525 0.0398 -1.5815
-62.2366 -250.1374 102.8550 0.8142 -0.9714 0.2200
-186.1221 -87.1298 133.3359 0.3247 -0.2366 0.9768
-45.2366 -58.3435 68.1527 -0.3552 0.2402 1.0730
-116.3970 13.7481 26.3282 -0.6833 1.2908 1.2473
-52.8244 84.3588 -222.6260 -0.6521 0.5508 0.5437
-8.5649 -16.9237 -247.2290 -0.2617 0.0134 0.3149
39.4046 -71.3053 -250.1374 -0.1794 -1.0027 0.4734
5.2214 -85.5191 -250.1374 0.0315 -2.0000 1.5066
-80.0000 -42.4809 -250.1374 0.7429 -0.8220 0.9229
-30.0458 -43.5191 -250.1374 1.2444 -0.9788 0.6750
-35.3588 -47.5649 -8.4427 0.7861 -1.1199 0.6279
27.6183 19.7710 41.6641 0.8445 -0.3020 0.5247
7.4656 8.6260 -18.8397 0.8025 -0.4939 0.4287
37.2366 4.8855 11.4427 0.8284 -0.6702 0.0605
-22.3053 42.1908 68.7786 0.8621 -0.4387 0.3564
52.3053 22.9618 57.6565 0.7651 -0.4363 0.5989
-1.8702 27.6718 40.7405 0.6750 -0.6641 0.7549
-46.6183 18.1679 94.6641 0.6980 -1.1831 0.7593
-24.6947 -2.4962 227.2748 0.6689 -1.4612 0.7815
23.5420 81.0076 242.8015 0.1150 -1.5164 0.8167
109.8473 110.3435 250.1298 0.1128 -1.0415 0.4106
36.0763 88.2672 240.9771 0.0967 0.0498 -0.3621
-10.2901 -13.1450 81.1832 -0.7207 0.7473 1.4131
7.8168 -44.4733 45.6870 -1.3403 -0.1382 0.9390
119.3664 9.8550 55.9618 -0.9375 0.2197 1.3340
182.0305 67.3893 -39.6794 -0.1685 0.0454 1.3137
137.2748 73.2366 -134.2290 0.3691 -0.6355 1.0652
-1.1832 250.1298 -35.6794 0.5459 -0.0833 -0.2104
124.3130 43.0992 51.0076 -0.2922 0.2393 -0.7449
-26.8931 -48.8550 -29.3740 -0.6404 0.3259 -2.0000
-13.2519 -225.5191 -4.0840 -0.3335 -0.0962 -0.6355
-52.8702 -138.4046 45.3664 -0.3486 -0.2515 0.4487
-74.1145 -39.4733 82.3206 -0.2117 -0.2173 0.2869
-152.5267 -129.3511 60.8550 0.0542 -0.1824 0.4360
-89.0229 -113.0687 28.0611 -0.5000 -0.1331 1.5679
49.8092 152.9542 10.2443 -0.7390 0.5525 1.9999
-48.0916 -45.0229 -250.1374 -0.5496 -0.4878 1.0435
-11.0076 -184.3817 -242.8397 -0.6091 -1.1270 1.5278
-42.5420 -44.1756 -195.2748 -0.5457 -1.4050 1.7837
18.5725 -21.6718 -250.1374 0.2830 -0.8311 0.9023
-71.6870 12.0229 -250.1374 1.3362 -1.6719 1.8970
50.1069 -73.2366 2.1145 0.4766 -0.7874 1.4050
42.6183 4.5649 9.2977 0.6497 -0.1353 0.9133
4.1527 3.4351 -58.4122 0.7886 -0.3157 0.7349
13.5115 3.8626 10.0840 0.7646 -0.3711 0.8999
-5.3053 -3.4275 9.4885 0.7771 -0.1409 0.8213
2.9695 -5.5420 6.9313 0.7693 -0.2083 0.8176
-9.0458 3.7710 36.2443 0.6448 -0.5488 1.0134
-84.3664 68.8626 239.5114 0.9744 -1.8228 1.6067
-61.3817 96.0687 250.1298 0.8145 -1.3091 0.8647
-69.0305 74.5496 250.1298 0.2471 -0.7754 0.1018
-48.9618 9.7176 244.0153 -0.2178 -0.0938 0.2412
1.0992 45.5802 100.6489 -1.1089 0.1038 1.6877
60.4885 -32.4809 105.0229 -1.5405 -0.4333 1.0171
130.4504 7.5573 46.5496 -0.1746 0.2800 0.9817
153.9237 110.9237 -30.8168 0.0647 -0.3608 1.9841
50.9160 250.1298 -36.1527 0.3943 -0.4487 0.5107
229.7328 127.3511 -26.9084 -0.1033 -0.3113 -0.7300
-1.6107 119.9160 -26.4275 -0.1663 0.0916 -1.3970
12.1832 -67.9466 18.2366 -0.2751 0.1292 -2.0000
-10.2519 -208.5114 36.7634 -0.1362 -0.0820 -0.7600
-86.8168 -185.8779 59.0076 0.0737 -0.3105 0.0654
-196.5343 -112.4275 62.1069 -0.0764 -0.5051 0.8872
-139.7252 -45.9237 115.6489 -0.3159 0.0237 0.9404
-79.9466 6.3893 43.8092 -0.7576 0.8372 0.8291
-156.3511 48.8092 -250.1374 -0.4346 1.1257 0.0872
-34.7939 -11.5344 -250.1374 -0.3040 -0.5579 0.5596
44.3893 -91.0305 -250.1374 -0.2083 -0.7026 0.8428
6.0534 -116.9618 -230.9542 -0.0042 -0.9683 0.7654
20.8931 -72.6718 -250.1374 0.6909 -1.2173 1.5479
-140.0229 26.7481 -250.1374 0.6506 -1.1616 0.8074
40.1908 4.2061 89.0076 0.3972 -0.5493 1.3862
-32.6947 25.8015 -73.6107 0.7114 -0.4143 0.8069
-0.2519 2.2443 12.4351 0.5862 -0.4351 1.0310
14.1527 5.8626 8.5649 0.6887 -0.1235 0.9944
-3.2290 0.8702 -6.5267 0.6145 -0.4375 0.8745
-20.7863 -0.0076 28.2824 0.4973 -0.5559 0.8716
50.4122 -45.3664 249.5114 0.6206 -1.6924 1.1301
14.3511 40.3359 250.1298 0.7266 -1.5393 0.9343
-29.2214 55.6565 250.1298 0.2441 -1.2246 0.5684
-10.4656 31.7023 223.1145 0.1436 -0.4045 0.1272
-31.1527 -81.8855 237.5496 -0.7393 0.0264 0.7668
-25.8550 -48.7176 90.2519 -1.2739 -0.0303 1.5007
188.8321 -73.0611 50.0000 -0.8499 0.0830 1.4944
140.7557 10.3817 -89.9542 0.0381 0.2144 1.4021
109.9771 116.8397 -150.2519 0.3152 -0.6072 0.9727
44.6412 250.1298 -50.7176 0.4414 -0.1941 -0.4026
78.6412 134.5954 -2.0382 -0.2058 0.2507 -1.0662
-197.4656 146.0000 -40.1221 -0.4102 0.5168 -2.0000
-31.2824 -197.2672 8.0534 -0.2998 -0.6843 -1.8972
-41.1985 -250.1374 43.3282 0.1118 -0.7056 -0.6428
-109.7557 -231.5191 139.6107 0.2837 -0.3054 0.6873
-225.5267 -60.4351 41.5649 0.0281 -0.0630 1.1614
-196.8397 -3.7252 31.2824 -0.2893 -0.0542 1.9999
2.2214 105.6947 -11.4580 -1.1187 0.7639 0.0408
11.1603 49.0305 -147.2824 -0.7363 0.5847 0.3750
-65.2519 -59.4122 -250.1374 -0.2468 -0.3354 0.5779
-28.5420 -118.0763 -236.8779 -0.1853 -0.9551 1.3425
-75.6794 -15.6565 -237.4198 0.0781 -1.5332 1.4509
11.5420 -80.1679 -250.1374 0.9094 -0.7634 1.5146
-239.1450 59.8244 -250.1374 1.4297 -2.0000 1.0017
130.9847 37.0458 236.8626 0.8960 -0.1753 0.8938
7.1069 -18.0611 -37.0458 0.7656 -0.0854 0.8145
10.7481 19.8397 -56.1527 0.7310 -0.4426 0.8562
-5.8168 -9.0687 5.4809 0.7458 -0.4634 0.8430
-6.2519 0.3053 33.9847 0.7163 -0.3518 0.7700
-29.9847 29.0458 85.1069 0.7253 -0.9976 1.1218
-84.3817 36.8702 250.1298 0.7815 -1.4883 1.2363
-55.7405 124.5802 250.1298 0.3372 -1.1213 0.4431
24.0458 -81.0534 250.1298 -0.3694 -1.5398 0.7244
-14.7557 136.3359 230.5649 0.2966 0.0972 0.2419
-31.2824 51.4733 73.1908 -0.0601 0.3689 0.1121
-62.2901 142.9466 50.2443 -1.9275 0.3235 1.6526
71.3511 0.8855 2.9313 -1.1792 0.3296 0.6797
204.7328 137.2977 -85.6336 0.1450 -0.0552 1.2986
92.5267 144.9466 -34.6412 -0.0908 -0.8376 0.5498
51.5344 250.1298 29.2214 0.2043 0.0417 -0.3508
44.9237 100.5267 32.8855 -0.1204 0.2083 -1.1809
-250.1374 41.7939 -54.5954 -0.0417 1.0137 -2.0000
50.2519 -156.3359 -93.7405 0.2549 0.7097 -1.3389
-23.5267 -242.2061 -61.9847 0.2097 -0.5708 -0.3521
-163.9924 -158.9313 -17.8397 0.1975 -0.4788 0.3787
-187.6412 -111.3511 -8.1221 -0.0271 -0.5603 1.1890
-11.7634 71.5420 84.1603 -0.9653 -0.1890 1.9999
53.6031 100.2214 -126.0840 -0.9519 1.6948 0.2576
52.0153 -57.0000 -250.1374 -0.5024 -0.3472 0.2158
132.3740 -120.7939 -239.5343 -0.6868 -1.0029 0.7512
98.5573 -141.0611 -178.6260 -0.2339 -0.8235 0.9885
137.2137 -208.9466 -250.1374 0.9954 -0.6072 1.8008
-250.1374 141.3664 -237.3511 0.4888 -1.3145 0.8650
56.9771 -27.7710 8.3130 0.3604 -0.3110 0.8159
-29.9160 -8.5420 -89.2137 0.5630 -0.5059 0.9517
23.8244 -4.1527 10.2214 0.5930 -0.5098 0.9336
12.1221 -0.2290 28.8931 0.5679 -0.4092 0.9541
-4.9466 1.2977 15.6947 0.5540 -0.3718 0.8984
-31.7557 1.6031 40.4656 0.6140 -0.7534 0.9395
-49.0000 -7.2977 204.2137 0.6509 -1.4626 1.3799
-74.6565 29.1756 250.1298 0.4565 -1.6138 0.9231
-43.8244 128.0076 250.1298 0.6826 -0.4880 0.3147
-55.5191 18.2443 167.5572 0.3606 0.3564 -0.3877
-78.1298 68.2519 61.1527 -1.8513 -0.6013 1.9768
90.0305 -89.2061 135.6717 -1.6604 -0.3279 0.6814
157.7481 11.3282 -39.4427 -0.6636 0.0024 1.2671
60.4580 140.8168 -53.6794 0.4822 -0.4287 1.4651
38.8931 250.1298 20.6641 0.5864 -0.0251 0.3149
91.4809 245.6717 -53.3893 0.0803 -0.4749 -0.7788
-132.5420 164.0992 -1.8092 -0.1006 -0.2881 -1.6838
-15.2901 -163.3359 30.7557 -0.0022 0.1824 -2.0000
-4.1527 -250.1374 70.4428 0.3621 0.0701 -0.6301
-66.1374 -164.5802 95.3130 0.1846 -0.2908 0.8916
-146.6794 -124.4733 27.8626 -0.0283 -0.1926 1.2373
-73.1145 -62.4504 42.8015 -0.6038 -0.5613 1.1455
-78.7481 101.6794 -30.2366 -1.0413 0.8010 1.9999
49.9008 84.0153 -98.1298 -0.7573 0.2786 0.7583
-12.0916 -27.6412 -250.1374 -0.0129 -0.2732 0.5151
16.4351 -46.9542 -235.9237 -0.1553 -0.8982 0.5413
101.6260 21.1145 -160.8092 0.0486 -0.7561 0.9673
117.8473 -220.1145 -210.8702 1.2708 -0.8608 1.2292
101.3435 10.4122 7.0153 0.3052 -1.3574 0.8445
109.0611 91.1603 95.7099 0.6545 -0.2627 0.4807
44.5191 -7.3282 -67.1985 0.5488 -0.3215 0.6792
-31.5496 21.3359 -28.7786 0.6882 -0.4390 1.0100
-29.4198 29.4427 8.5420 0.5098 -0.5308 1.0591
64.0763 -3.5573 38.8779 0.6150 -0.1604 1.0139
11.0305 5.4351 6.7557 0.5806 -0.3257 1.0454
-40.2061 2.7863 12.8550 0.5952 -0.4646 0.9519
-30.7328 -33.4962 75.1908 0.4641 -1.3721 1.2659
-13.2748 -54.0611 250.1298 0.8306 -1.7278 1.3162
-13.3817 137.5878 250.1298 0.7864 -1.3477 0.7017
-37.4885 95.7405 250.1298 0.4004 -0.5981 0.3169
13.7252 134.9084 147.0992 0.2327 0.5063 -0.2046
-33.8931 -133.6488 31.5267 -0.6768 -0.0864 0.6523
85.9924 -65.5954 153.1298 -1.8586 -0.6208 1.9999
123.8473 37.3740 64.7939 -1.1226 0.5554 0.8669
190.6260 27.2824 -97.1298 -0.4167 -0.0107 0.8716
87.0153 123.9389 -138.6107 0.2542 -0.6414 0.4614
17.5191 250.1298 5.3206 0.4019 0.0364 -0.1711
-62.9237 94.4122 29.7023 -0.2893 0.0701 -1.2471
4.1832 10.3969 -20.6107 -0.3123 0.7173 -2.0000
-29.0611 -124.2443 -30.1069 -0.2319 -0.0916 -1.6731
-36.3359 -237.0763 17.3206 0.2361 -0.3379 -0.4873
-111.6947 -220.9389 7.9237 0.2319 -0.4912 0.2659
-172.0076 -50.8626 110.4962 -0.2273 -0.2200 1.4297
-45.7710 38.5420 43.9389 -0.4587 -0.0588 0.9124
36.6183 20.5649 -7.8626 -1.3179 0.5315 0.6313
22.8473 36.0153 -101.9466 -1.2688 0.3865 0.4966
50.1221 -60.9771 -18.3740 -1.2310 -0.0635 1.1338
31.9389 -95.3664 -60.6260 0.0088 0.2395 0.4958
40.8244 -74.8244 -150.6794 0.0867 -0.1133 0.4143
-8.3206 -138.3588 -250.1374 0.2371 -0.8787 1.1343
37.2366 -62.6565 -250.1374 0.7180 -0.9736 1.1741
78.7939 -39.9160 -249.8702 0.2874 -1.4705 1.2812
-79.1908 53.0305 -43.8855 0.0991 -0.7910 1.6487
-93.0840 30.0382 -90.9618 0.6738 -0.3271 0.6882
-19.6489 -12.0229 -68.4504 0.7590 -0.5259 0.8025
-21.7252 -18.5267 32.7557 0.7249 -0.5005 0.8196
20.8015 -11.4580 50.4733 0.7742 -0.1355 0.7432
-15.8702 -23.6947 15.7710 0.7439 -0.4524 0.7153
-114.3053 11.3053 74.0382 0.8711 -1.1892 0.9331
-9.4046 3.9924 247.9618 1.0012 -1.5837 0.7917
15.6260 1.6183 250.1298 0.8298 -1.1453 0.3318
49.8168 58.8855 250.1298 0.4819 -0.6128 0.0415
-40.0534 -132.8855 174.0916 -0.7207 -0.3013 0.4475
-3.3435 102.0992 134.2443 -1.0308 -0.5198 1.6489
83.0611 -29.1603 45.3206 -1.2812 -0.1924 1.1482
163.6870 37.4733 26.2061 -0.1260 -0.1143 1.3086
173.7633 222.3053 -61.4962 0.3154 -0.5916 1.0659
98.6794 247.8321 -16.3282 0.2097 -0.0410 -0.0227
-150.4886 250.1298 -0.9466 -0.0686 0.0784 -2.0000
3.3511 -77.7099 47.1450 -0.6106 -0.3821 -2.0000
4.0305 -178.1679 -16.2977 -0.1306 0.5354 -1.2976
39.3664 -249.8244 -63.9542 0.3694 0.1919 -0.1331
-178.9160 -126.9542 20.3740 0.1177 -0.4670 0.7998
-188.6412 -73.1832 -4.0916 -0.0330 -0.1074 0.7017
144.1374 -78.6947 110.2595 -1.1006 -0.1494 1.0059
72.3130 32.4580 22.2748 -1.7314 -1.0225 1.0623
-103.9313 -126.8550 -110.4962 -0.5300 0.2197 1.5413
60.6260 -21.0153 -175.7939 -0.5520 -0.5830 0.6021
74.2672 -64.2443 -187.1069 -0.1899 -0.6101 0.5063
35.1069 0.6870 -159.9542 -0.0381 -0.5701 1.0964
28.4733 42.2519 -250.1374 0.4460 -0.7598 0.9119
-32.1450 109.0534 -248.6107 -0.0427 -1.9819 1.4839
-107.4657 28.5649 -62.7557 0.2761 -1.1089 0.9504
7.6031 -25.9389 -21.9618 0.5513 -0.3914 0.5042
15.4962 -6.1527 -29.3282 0.5886 -0.5989 0.6379
5.1985 -11.3740 -10.1679 0.6025 -0.6953 0.7524
39.1603 -41.4198 85.4428 0.5420 -0.5615 0.8691
17.2824 -17.1832 46.1374 0.4614 -0.7712 0.9517
-68.1756 7.9847 117.7328 0.2231 -1.7654 0.9307
22.0229 -12.9466 250.1298 0.4968 -1.7278 0.9204
-41.4504 87.7863 250.1298 0.3936 -1.0889 0.4436
-25.4198 80.6489 196.1908 -0.0032 -0.0994 -0.4070
15.9847 -155.1298 117.7252 -1.3354 -0.3582 1.3992
105.2977 -13.5802 95.4198 -1.0444 -0.4717 1.5864
174.2748 -0.5573 54.3359 -0.6965 -0.3623 1.8474
107.8397 195.0153 -132.0382 0.5474 -0.4841 0.5225
250.1298 186.3359 2.8015 0.1743 -0.3831 -0.2485
-20.6565 250.1298 -85.4275 -0.2407 -0.2002 -1.5176
13.8092 38.5725 27.1221 -0.4783 -0.0149 -2.0000
-50.9389 -149.7557 -5.2137 -0.3088 0.0371 -1.7876
-10.2443 -250.1374 40.4275 0.6047 -0.4092 -0.4624
-130.4504 -130.0076 129.6794 0.5564 -0.5769 1.0115
-180.6565 32.1985 101.7557 -0.3740 -0.0530 1.7173
-171.2366 150.9847 -53.2595 -0.9587 0.6934 0.3123
-135.1069 3.0763 -250.1374 -1.3162 0.9509 -0.0183
-56.4962 -84.9847 -210.7252 -0.4731 0.0691 0.8264
43.2748 -72.1145 -215.1069 -0.0571 -0.3765 0.5889
24.8855 -133.0992 -222.9084 0.2939 -0.5579 0.5449
-39.1069 -70.1450 -250.1374 1.2126 -1.3306 1.7864
-193.8473 185.9008 -198.2443 0.2502 -1.5002 1.0046
39.2901 50.2443 21.8626 0.3787 -0.5564 0.8694
1.4427 31.3969 -79.2977 0.4976 -0.4399 0.8271
-37.5878 16.5191 -67.0076 0.4961 -0.8333 0.8071
5.8168 -23.4809 51.7328 0.4429 -0.4727 1.0261
10.9771 -17.0305 6.2519 0.5125 -0.3101 0.9346
-11.8015 -10.7176 -25.4504 0.5242 -0.5752 0.7671
-59.3893 -86.4580 84.3740 0.2461 -1.5085 0.8442
60.8931 109.7939 250.1298 0.8940 -1.7949 1.2717
-18.7634 87.3664 250.1298 0.8616 -1.2080 0.3540
-97.6489 9.2748 250.1298 0.4868 -0.2385 0.2139
-83.6489 -69.2137 101.9618 -0.3420 0.4885 0.5732
-73.6336 85.8168 60.5344 -1.7146 0.0288 1.3315
163.8931 -103.3053 61.0229 -1.1646 -0.4827 1.3342
250.1298 169.0763 -61.0076 0.3091 -0.2737 1.6196
250.1298 146.6031 -30.5496 0.4460 -0.3477 1.6138
157.4656 246.1527 -121.5496 0.3862 -0.5696 -0.7217
68.2443 23.7710 1.8702 -0.4368 0.1428 -1.1663
-250.1374 -12.6336 -16.4733 -0.6616 -0.4456 -2.0000
55.9084 -250.1374 42.6412 0.1624 -0.1560 -0.8853
-109.4122 -164.8244 155.3740 0.3271 -0.4949 0.8843
-250.1374 9.0076 73.4122 -0.0156 -0.0986 1.2366
-118.7023 -5.9466 68.6794 -0.8027 -0.3191 0.8489
-102.7176 -8.5954 -39.2824 -1.0476 1.2039 0.7419
-121.1832 -35.6260 -202.8702 -1.3940 -0.0991 1.9999
-80.2214 15.4885 -169.2290 -0.8640 -0.7144 0.0220
37.8855 10.5649 -160.1756 -0.1313 0.0957 1.2285
87.2137 -14.7099 -176.0534 0.0432 -0.4763 0.5701
133.0153 -19.5420 -250.1374 0.4150 -1.3743 1.1599
82.3740 100.9847 -102.3511 -0.3821 -2.0000 0.8425
46.2443 -38.4809 119.1527 0.2239 -0.6760 1.0381
16.0611 2.8015 -5.7939 0.2036 -0.7722 0.2688
-28.6641 -43.1756 -30.2519 0.0459 -0.8374 0.9204
-6.1221 28.9542 -68.5573 0.1565 -0.8955 0.9014
-2.9237 -20.7939 6.8015 0.3167 -0.8091 0.8916
-1.4656 -31.0000 8.5267 0.3940 -0.6333 0.9609
-15.8779 -6.9542 8.9618 0.2271 -1.0325 0.8887
-64.7710 -25.3893 135.5267 0.1096 -1.8008 1.0728
-89.1679 -51.3359 224.6870 0.1985 -2.0000 0.8293
36.4962 -29.4122 250.1298 0.4438 -0.6484 0.3538
-65.2214 -91.0534 118.9466 0.0789 0.4419 -0.8374
-29.8244 -12.1908 39.7481 -1.8059 -1.4839 1.9999
152.0992 -76.7328 116.5573 -1.2356 -0.4597 0.5413
53.0305 18.1679 -7.8626 -0.5088 -0.6021 1.4292
162.6565 179.8702 26.7481 0.5305 -0.6738 1.0378
250.1298 250.1298 26.3740 0.6875 -0.0823 -0.0608
50.6718 120.6412 47.1603 -0.3552 0.3560 -1.4131
5.3740 51.1756 13.5344 -0.7642 0.1382 -1.5381
-63.6794 -117.6947 18.3435 -0.5623 0.1206 -2.0000
-38.9847 -243.1527 57.5267 0.0894 -0.0610 -0.6274
-125.6107 -156.0305 86.8015 0.2732 -0.2568 0.5015
-172.6488 -82.7557 55.6641 0.0916 -0.4106 0.8301
-190.3130 -40.6870 1.9771 -0.5908 -0.0308 1.8450
85.3206 71.9924 -29.2443 -0.9438 0.1477 1.9999
32.5573 96.7176 -188.0611 -0.2029 0.2969 -0.0083
90.1527 -41.2137 -250.1374 -0.2795 -0.6006 0.4626
-89.3740 -45.9695 -250.1374 -0.1382 -1.1851 0.3730
103.7710 141.2443 -185.2595 0.0481 -1.4392 1.7336
-77.4733 164.5572 -209.0840 -0.0271 -2.0000 1.4641
4.4962 -88.7557 -28.3130 0.6724 -0.4729 0.4827
33.4656 -76.3283 -87.1298 0.7747 -0.5156 0.6855
40.1298 12.5420 -38.3282 0.5813 -0.7393 0.6594
-1.0229 -2.9313 -3.8931 0.6282 -0.6577 0.8010
-12.2061 -10.2519 15.6870 0.6494 -0.4893 0.7405
-1.2519 9.4046 20.0916 0.6853 -0.6616 0.6497
46.3969 -117.7710 231.7176 0.3296 -2.0000 1.2268
12.6412 25.0763 250.1298 0.5632 -1.6187 0.8052
-52.9313 31.7023 250.1298 0.1008 -1.0127 0.6187
-34.6718 52.7557 218.8855 -0.0688 -0.2354 -0.0654
-67.9389 -98.5496 133.2595 -0.9958 -0.2329 0.6001
67.6718 -129.3893 96.1756 -0.7363 -0.2625 1.6353
129.6183 88.5038 -4.2443 -0.1179 -0.1636 1.4700
250.1298 182.7176 9.7023 0.5383 -0.0652 0.4685
141.3588 223.3435 -135.2595 0.3826 -0.2366 -0.5356
114.7328 56.3282 127.0687 -0.2832 0.1133 -1.4819
-15.1908 102.6260 -46.0840 -1.1060 -0.6902 -1.8657
-120.4351 -131.3893 42.0687 -0.6853 -0.6377 -1.5820
-69.1908 -250.1374 184.6794 0.2354 -1.0693 0.2261
-148.7099 -38.7405 233.9389 0.4653 0.1887 0.5754
-166.3206 -46.3206 -14.8626 -0.0098 0.2622 0.9568
-223.0611 118.0840 33.8321 -0.4724 0.0442 1.9999
-7.3435 109.4580 -31.8397 -0.8176 1.7815 1.2197
-56.6260 19.3588 -185.6870 -0.5125 0.3889 0.2761
5.2214 -20.4122 -237.6947 -0.1357 0.1770 0.4048
11.0382 -116.8702 -250.1374 -0.1543 -0.9297 0.6436
-12.1832 -129.2366 -250.1374 -0.2266 -1.4021 0.8740
-54.4656 -84.8168 -250.1374 0.8459 -1.3328 1.3235
-97.4962 93.5038 -250.1374 1.1655 -1.5449 0.6086
181.2061 -11.7786 150.4656 0.3359 -0.4524 0.8267
17.9084 16.3511 29.9084 0.4797 -0.0955 1.1421
34.9160 2.0076 -30.5649 0.5435 -0.1685 0.9849
44.7405 -2.2595 -18.7786 0.5068 -0.3513 1.0862
5.9542 -0.0763 19.0840 0.4419 -0.2710 1.1243
-4.2290 -0.9542 50.8244 0.4573 -0.3203 1.1631
-15.9771 31.2824 177.1603 0.4780 -1.2307 1.6848
-42.8550 136.1908 241.3053 0.5256 -0.9570 1.5708
-39.6412 51.5038 250.1298 0.3105 -0.8933 1.1382
99.7481 -21.1832 250.1298 0.2300 -0.5720 0.6519
-97.6336 -38.9160 178.0763 -0.3618 0.1665 0.4497
52.4580 12.3817 118.3511 -0.8655 0.1311 1.9622
180.2977 -66.6031 75.2748 -0.9155 0.2642 1.6135
161.4122 52.5725 -28.3664 -0.2952 0.2407 1.3904
21.6107 231.4580 -123.1756 0.2102 -0.5027 1.2400
167.0153 230.5420 -45.4885 0.4080 -0.1252 0.3892
77.5954 223.4962 -19.1374 -0.0884 -0.3171 -0.8337
-38.9924 141.9389 -13.0076 -0.3831 0.1890 -1.0308
23.4733 -50.5344 -10.4656 -0.3586 0.0049 -2.0000
-55.5878 -244.7099 24.9008 -0.1096 -0.1028 -1.1072
-136.0687 -233.4886 70.2672 0.2427 -0.5208 0.5088
-165.9847 -67.1679 38.6794 -0.0664 -0.3613 0.9023
-78.1374 -88.1450 71.1603 -0.2710 -0.3394 0.5908
-41.3893 -68.1985 -49.3359 -0.9514 0.1675 1.7229
-95.3130 116.4504 -167.1527 -0.9050 0.8875 1.0862
-51.4504 -67.9160 -196.4886 -0.5747 -0.0154 0.3816
7.8321 -104.7634 -225.3206 -0.2153 -0.4673 0.4592
131.3817 -13.7481 -188.8702 0.2175 -0.6628 0.7681
-30.0687 -71.6107 -250.1374 0.8181 -0.7837 0.8994
-96.9542 8.2290 -250.1374 0.9871 -1.7410 1.4834
-129.4809 11.0992 14.2595 0.4817 -0.8494 1.1277
-14.2443 32.3969 -27.1374 0.6953 -0.3721 0.7048
-45.6183 44.3130 -62.6031 0.7424 -0.6384 0.5388
-16.0763 -10.6031 -2.2672 0.7795 -0.5115 0.5359
22.5114 -9.4351 10.1603 0.7793 -0.2996 0.6914
24.7481 0.0687 -5.8321 0.7214 -0.4739 0.8015
18.2061 14.3206 14.5344 0.7104 -0.4607 0.8909
7.8473 16.0458 12.6107 0.6865 -0.5352 0.8247
-85.0229 6.9237 131.1679 0.5237 -1.5552 1.3130
-8.1527 -1.4733 250.1298 0.6692 -1.7017 1.1853
-51.6412 3.4198 250.1298 0.4839 -1.6379 0.6687
-18.6183 60.4046 250.1298 0.4304 -0.3838 0.1145
-41.9084 -138.6336 105.4504 0.2432 0.6182 0.5054
157.4198 91.6565 73.6489 -1.3098 -0.7288 1.4912
157.6565 -64.6641 66.9389 -0.7183 0.1284 1.9999
192.1069 108.8626 -52.3969 0.1621 -0.6282 0.9678
240.6947 141.7099 -43.0992 1.0530 -0.6223 0.7820
89.8397 243.5343 -134.1832 -0.3071 -0.8521 -0.6265
-49.0229 123.5038 -51.5038 -0.4358 0.2559 -0.7458
72.4428 -21.8092 -61.2824 -0.9387 0.7000 -2.0000
-38.1679 -167.8244 -75.2672 -0.5483 0.2349 -1.7888
-35.4580 -237.9924 -2.9160 0.1609 -0.5005 -0.3572
-136.1908 -158.1069 114.8168 0.4954 -0.5701 0.5171
46.4427 -120.7557 127.7634 0.3784 0.3337 1.1768
-55.4580 -12.2824 -68.8855 -0.4417 1.0852 1.1736
-202.4504 -9.2290 -139.3359 -1.0610 0.1543 1.2236
-62.1221 -50.0153 -158.9466 -0.3611 0.0728 1.6450
2.0382 99.8244 -166.9695 -0.3767 -0.2881 0.5767
20.1298 -0.9160 -151.1527 -0.1660 -0.5688 0.8230
-26.8626 75.6947 -250.1374 1.1445 -0.8962 1.1494
-83.7481 22.4122 -250.1374 1.2634 -2.0000 -0.1475
248.1832 -44.4580 142.4198 0.9426 -0.7642 1.7236
-124.3588 9.2748 -37.7328 0.6426 -0.4392 0.4736
8.9771 12.6183 -0.5954 0.6973 -0.7261 0.5259
9.7405 0.7405 30.0611 0.6899 -0.5491 0.7397
5.0305 -12.6947 13.3740 0.7515 -0.4290 0.7156
8.2214 6.9695 6.6260 0.6904 -0.5681 0.6526
-5.6565 -15.1985 50.7252 0.6062 -0.8003 0.6018
-61.5115 -21.8015 123.4733 0.5410 -1.7444 0.8667
7.1603 -69.9084 250.1298 0.7019 -2.0000 0.4819
108.6336 -2.6260 250.1298 0.5903 -1.0173 0.4463
88.9695 98.9695 250.1298 0.2881 -0.1282 -0.2766
-135.0763 -45.3588 81.7405 -0.4531 0.1035 0.4585
-1.0763 -37.7023 72.2214 -1.9436 -0.7329 1.9999
153.8168 -86.2443 41.6947 -0.8467 0.1741 1.5869
150.4656 55.5267 -103.0992 0.1218 -0.2319 1.0381
128.8855 93.9389 -136.1069 0.4336 -1.0337 0.9536
227.2824 250.1298 -32.6718 0.4111 0.1509 -0.6060
39.6794 249.9618 -2.6641 -0.3223 -0.5022 -1.7888
-7.5954 31.5191 -7.3969 -0.6323 0.1152 -2.0000
-72.0763 -171.3969 23.6260 -0.3254 -0.4016 -1.4780
-135.7099 -250.1374 71.0916 0.2996 -0.6160 0.1511
-35.7405 -224.0076 91.8550 0.3691 -0.6233 1.0071
-44.5191 14.9847 176.8244 0.0776 0.0811 1.3799
-115.0076 -10.2977 48.4198 -0.4871 0.6970 1.9999
-111.5038 21.4580 -151.6031 -0.8108 0.2510 1.4102
-165.6336 20.4580 -163.7023 -0.5867 0.0730 0.6611
13.2290 -54.1221 -143.5114 -0.1987 0.0325 0.9333
-24.3053 -101.3740 -213.0000 -0.1089 -0.8533 0.5325
-17.8321 -11.4656 -161.1679 0.1206 -0.9309 1.0842
-16.4962 25.7481 -250.1374 0.3196 -1.3916 1.2869
54.1298 188.3740 -250.1374 0.1504 -1.3882 1.3564
10.1221 15.0382 31.2824 0.2712 -0.5757 0.9900
11.7863 15.1985 -42.2214 0.3931 -0.6985 0.9353
-21.3359 21.4046 -10.5725 0.3777 -0.6902 0.9829
-3.7634 -3.3282 6.0000 0.4248 -0.5554 0.9905
8.5878 -7.4198 7.5115 0.4353 -0.6223 1.0146
-57.0534 -6.8244 154.3435 0.2729 -1.4204 1.5906
-51.2290 25.7481 181.5954 0.3513 -1.2949 1.5564
11.4962 86.4580 245.5191 0.0569 -1.2996 1.1995
11.4656 110.7710 250.1298 0.1702 -1.0874 0.6941
-19.0382 88.6718 179.0305 0.2817 -0.0117 -0.1467
-117.6412 -110.4733 28.9618 -0.5615 -0.2078 0.2917
147.4504 -15.1985 137.5572 -1.3220 -0.3032 1.9583
135.4122 -52.4198 1.4046 -0.9224 0.5225 1.7886
145.7710 30.7786 -83.5725 0.2021 -0.0347 1.4041
231.9313 70.4351 -170.2977 0.4915 -0.6157 0.3167
80.1832 238.6183 -122.9160 0.2646 -0.2307 -0.0874
-18.0076 236.5038 -80.1221 -0.0874 0.2861 -1.2742
80.6107 97.9695 -89.5725 -0.8667 -0.3560 -2.0000
42.5115 -250.1374 33.9618 -0.2942 -0.7048 -1.4180
-114.4428 -250.1374 187.9618 0.7190 -0.3000 -0.1753
-250.1374 -68.8321 203.3359 0.8472 -0.6711 0.5632
-117.4351 -10.6565 143.4275 0.3726 -0.2664 1.6792
155.7099 -69.7786 120.9313 -0.6375 1.1628 1.5854
-140.8550 -67.1450 -250.1374 -0.8335 -0.0627 0.1575
-117.5649 -78.2977 -14.8626 -0.8025 -0.1191 1.4998
-27.1756 -54.9389 -122.4886 -0.7781 -0.4160 0.4880
-1.9237 10.1374 -152.7939 -0.1831 -0.0100 0.5857
24.4656 16.9313 -183.2901 -0.1924 -0.6523 0.9270
-41.9847 250.1298 -250.1374 0.3496 -1.0444 1.6426
154.4275 -69.0840 -250.1374 1.1414 -1.5696 1.5471
-250.1374 18.1298 -198.2824 0.6660 -1.5732 0.8594
-26.3511 171.8092 234.1603 1.2703 0.2532 0.4363
-37.0382 1.7786 -70.4198 0.4839 -0.2617 0.9956
27.5344 -0.1603 -34.0534 0.9680 -0.2969 0.7532
17.6565 -3.9542 27.8626 0.6160 -0.2795 1.0154
0.6336 -15.0000 -6.6718 0.7881 -0.0764 0.8247
-17.7252 27.5649 -3.7099 0.8296 -0.2117 0.6204
-111.4886 110.2672 -47.5573 0.2629 -0.5002 1.0300
54.8244 -41.0534 -59.4885 0.4939 -0.3105 1.1343
43.4046 10.5954 70.3817 0.7871 -0.0100 0.7249
0.0305 -24.6718 22.4962 0.6780 -0.1511 0.7134
3.6183 -9.3282 70.6718 0.7227 -0.1694 0.6719
-33.7557 14.0992 71.2901 0.7095 -0.1494 0.8572
-100.3130 13.2061 -41.0229 0.7627 -0.2869 0.7791
-60.0000 -4.3817 -46.3130 0.7395 -0.3467 0.7068
-9.6031 -6.0840 6.4885 0.8132 -0.5117 0.7683
-2.9389 -0.8702 -2.4809 0.8057 -0.3806 0.6782
-9.0229 -3.1832 -33.1832 0.7737 -0.3828 0.5735
9.4427 -15.6870 14.0305 0.7847 -0.3574 0.6409
-1.7252 -30.4809 8.4275 0.9778 -0.4897 0.6118
41.7099 -9.4275 28.5878 0.7778 -0.3013 0.7446
-21.6336 23.1527 5.8168 0.8906 -0.4253 0.5830
0.2290 15.0687 -3.7176 0.8616 -0.4941 0.4922
4.1832 3.8321 21.8550 0.7893 -0.5061 0.5701
2.3130 3.8779 57.5496 0.7078 -0.5449 0.6604
-9.2595 49.3130 77.0534 0.6318 -0.8450 0.6543
82.9618 14.5878 113.0382 0.6919 -0.6816 0.6995
43.5954 -38.6870 23.3435 0.2786 -1.0156 0.8792
39.7557 3.8015 123.4733 0.3577 -0.5972 0.6760
196.1145 95.6870 160.6107 0.3135 -0.6580 0.8140
101.7557 133.3206 121.6565 0.1174 -0.5530 0.9763
181.2290 47.8244 76.9847 -0.3032 -0.1487 1.2585
-5.8473 18.5420 64.0458 -0.2808 0.4614 1.1750
30.6489 -53.2061 2.7405 -0.3284 0.2363 1.0310
-7.6260 9.2977 31.5344 -0.3552 0.4224 0.8921
74.3359 68.6336 66.4886 -0.3279 0.2332 1.0779
80.0153 13.1527 -55.6183 -0.7295 1.2627 0.3616
-176.0382 82.5267 -250.1374 0.5066 0.1658 0.3928
-53.4962 78.6565 109.9084 -0.5039 -0.2341 1.0505
77.7481 -14.3206 77.5573 -0.5002 -0.0940 1.4048
-213.4809 -42.7786 -95.5267 -0.1733 -0.4111 0.7805
-11.3588 -57.6412 -77.0916 -0.9534 -0.5583 0.7512
-22.2443 39.2061 43.1298 -0.4048 -0.3279 0.6704
139.8397 147.0763 34.8473 -0.0229 -0.2988 0.7771
5.2748 20.2824 23.0840 -0.1875 0.0266 1.2219